------- AERODYN v15.00.* BLADE DEFINITION INPUT FILE -------------------------------------
NREL 5 MW blade, 64 nodes, kynema/kynema-benchmarks 5MW_Baseline reference (BlSpn 0..61.4999 m)
======  Blade Properties =================================================================
         64   NumBlNds           - Number of blade nodes used in the analysis (-)
  BlSpn        BlCrvAC        BlSwpAC        BlCrvAng       BlTwist        BlChord          BlAFID    BlCb    BlCenBn    BlCenBt
   (m)           (m)            (m)            (deg)         (deg)           (m)              (-)     (-)     (m)        (m)
0.0000000E+00 0.0000000E+00 0.0000000E+00 0.0000000E+00 1.3308000E+01 3.5420000E+00         1    0.0     0.0       0.0
9.7618889E-01 -5.8235446E-04 -2.4619972E-03 0.0000000E+00 1.3308000E+01 3.5420000E+00         1    0.0     0.0       0.0
1.9523778E+00 -5.9631606E-03 -2.5210221E-02 0.0000000E+00 1.3308000E+01 3.6088538E+00         1    0.0     0.0       0.0
2.9285667E+00 -1.4543420E-02 -6.1484649E-02 0.0000000E+00 1.3308000E+01 3.7202835E+00         1    0.0     0.0       0.0
3.9047556E+00 -2.3123680E-02 -9.7759077E-02 0.0000000E+00 1.3308000E+01 3.8317133E+00         1    0.0     0.0       0.0
4.8809444E+00 -3.4733977E-02 -1.4684348E-01 0.0000000E+00 1.3308000E+01 3.9434288E+00         1    0.0     0.0       0.0
5.8571333E+00 -4.7101817E-02 -1.9913051E-01 0.0000000E+00 1.3308000E+01 4.0552156E+00         2    0.0     0.0       0.0
6.8333222E+00 -5.9469698E-02 -2.5141771E-01 0.0000000E+00 1.3308000E+01 4.1670025E+00         2    0.0     0.0       0.0
7.8095111E+00 -7.3647261E-02 -3.1135564E-01 0.0000000E+00 1.3308000E+01 4.2784298E+00         2    0.0     0.0       0.0
8.7857000E+00 -8.7824824E-02 -3.7129357E-01 0.0000000E+00 1.3308000E+01 4.3898571E+00         3    0.0     0.0       0.0
9.7618889E+00 -1.0200239E-01 -4.3123150E-01 0.0000000E+00 1.3308000E+01 4.5012844E+00         3    0.0     0.0       0.0
1.0738078E+01 -1.0988211E-01 -4.7413736E-01 0.0000000E+00 1.3090389E+01 4.5683091E+00         3    0.0     0.0       0.0
1.1714267E+01 -1.1146357E-01 -5.0000997E-01 0.0000000E+00 1.2655151E+01 4.5909281E+00         3    0.0     0.0       0.0
1.2690456E+01 -1.1304503E-01 -5.2588259E-01 0.0000000E+00 1.2219914E+01 4.6135471E+00         4    0.0     0.0       0.0
1.3666644E+01 -1.1462648E-01 -5.5175520E-01 0.0000000E+00 1.1784677E+01 4.6361662E+00         4    0.0     0.0       0.0
1.4642833E+01 -1.1448958E-01 -5.6834118E-01 0.0000000E+00 1.1385865E+01 4.6381440E+00         4    0.0     0.0       0.0
1.5619022E+01 -1.1034272E-01 -5.6325587E-01 0.0000000E+00 1.1072056E+01 4.5919536E+00         4    0.0     0.0       0.0
1.6595211E+01 -1.0619587E-01 -5.5817057E-01 0.0000000E+00 1.0758247E+01 4.5457632E+00         4    0.0     0.0       0.0
1.7571400E+01 -1.0204901E-01 -5.5308526E-01 0.0000000E+00 1.0444438E+01 4.4995728E+00         4    0.0     0.0       0.0
1.8547589E+01 -9.7956588E-02 -5.4793855E-01 0.0000000E+00 1.0134604E+01 4.4530253E+00         4    0.0     0.0       0.0
1.9523778E+01 -9.4354275E-02 -5.4223896E-01 0.0000000E+00 9.8605565E+00 4.4032635E+00         4    0.0     0.0       0.0
2.0499967E+01 -9.0751961E-02 -5.3653936E-01 0.0000000E+00 9.5865094E+00 4.3535017E+00         4    0.0     0.0       0.0
2.1476156E+01 -8.7149647E-02 -5.3083977E-01 0.0000000E+00 9.3124622E+00 4.3037399E+00         5    0.0     0.0       0.0
2.2452344E+01 -8.3547334E-02 -5.2514018E-01 0.0000000E+00 9.0384150E+00 4.2539781E+00         5    0.0     0.0       0.0
2.3428533E+01 -7.9918451E-02 -5.1850100E-01 0.0000000E+00 8.7504399E+00 4.1971451E+00         5    0.0     0.0       0.0
2.4404722E+01 -7.6286615E-02 -5.1175738E-01 0.0000000E+00 8.4609165E+00 4.1395262E+00         5    0.0     0.0       0.0
2.5380911E+01 -7.2654780E-02 -5.0501376E-01 0.0000000E+00 8.1713932E+00 4.0819072E+00         6    0.0     0.0       0.0
2.6357100E+01 -6.9022944E-02 -4.9827014E-01 0.0000000E+00 7.8818699E+00 4.0242882E+00         6    0.0     0.0       0.0
2.7333289E+01 -6.5510044E-02 -4.9111388E-01 0.0000000E+00 7.5865136E+00 3.9638361E+00         6    0.0     0.0       0.0
2.8309478E+01 -6.2048128E-02 -4.8378075E-01 0.0000000E+00 7.2886569E+00 3.9021696E+00         6    0.0     0.0       0.0
2.9285667E+01 -5.8586211E-02 -4.7644762E-01 0.0000000E+00 6.9908002E+00 3.8405030E+00         6    0.0     0.0       0.0
3.0261856E+01 -5.5124295E-02 -4.6911449E-01 0.0000000E+00 6.6929436E+00 3.7788364E+00         6    0.0     0.0       0.0
3.1238044E+01 -5.1905945E-02 -4.6192264E-01 0.0000000E+00 6.4031813E+00 3.7187173E+00         6    0.0     0.0       0.0
3.2214233E+01 -4.8931212E-02 -4.5487209E-01 0.0000000E+00 6.1215151E+00 3.6601460E+00         6    0.0     0.0       0.0
3.3190422E+01 -4.5956479E-02 -4.4782153E-01 0.0000000E+00 5.8398489E+00 3.6015747E+00         7    0.0     0.0       0.0
3.4166611E+01 -4.2981746E-02 -4.4077098E-01 0.0000000E+00 5.5581827E+00 3.5430033E+00         7    0.0     0.0       0.0
3.5142800E+01 -4.0101107E-02 -4.3369832E-01 0.0000000E+00 5.2772306E+00 3.4844320E+00         7    0.0     0.0       0.0
3.6118989E+01 -3.7440081E-02 -4.2657406E-01 0.0000000E+00 4.9979454E+00 3.4258607E+00         7    0.0     0.0       0.0
3.7095178E+01 -3.4779055E-02 -4.1944980E-01 0.0000000E+00 4.7186601E+00 3.3672893E+00         7    0.0     0.0       0.0
3.8071367E+01 -3.2118029E-02 -4.1232553E-01 0.0000000E+00 4.4393749E+00 3.3087180E+00         7    0.0     0.0       0.0
3.9047556E+01 -2.9503746E-02 -4.0519411E-01 0.0000000E+00 4.1627069E+00 3.2501467E+00         7    0.0     0.0       0.0
4.0023744E+01 -2.7310451E-02 -3.9799824E-01 0.0000000E+00 3.9096121E+00 3.1915753E+00         7    0.0     0.0       0.0
4.0999933E+01 -2.5117157E-02 -3.9080236E-01 0.0000000E+00 3.6565173E+00 3.1330040E+00         7    0.0     0.0       0.0
4.1976122E+01 -2.2923862E-02 -3.8360649E-01 0.0000000E+00 3.4034225E+00 3.0744327E+00         8    0.0     0.0       0.0
4.2952311E+01 -2.0730568E-02 -3.7641061E-01 0.0000000E+00 3.1503276E+00 3.0158613E+00         8    0.0     0.0       0.0
4.3928500E+01 -1.9111680E-02 -3.6916101E-01 0.0000000E+00 2.9522998E+00 2.9572900E+00         8    0.0     0.0       0.0
4.4904689E+01 -1.7556667E-02 -3.6190544E-01 0.0000000E+00 2.7603953E+00 2.8987187E+00         8    0.0     0.0       0.0
4.5880878E+01 -1.6001653E-02 -3.5464987E-01 0.0000000E+00 2.5684909E+00 2.8401473E+00         8    0.0     0.0       0.0
4.6857067E+01 -1.4446639E-02 -3.4739429E-01 0.0000000E+00 2.3765864E+00 2.7815760E+00         8    0.0     0.0       0.0
4.7833256E+01 -1.3047113E-02 -3.4012118E-01 0.0000000E+00 2.1868484E+00 2.7230047E+00         8    0.0     0.0       0.0
4.8809444E+01 -1.1714248E-02 -3.3284056E-01 0.0000000E+00 1.9980392E+00 2.6644333E+00         8    0.0     0.0       0.0
4.9785633E+01 -1.0381384E-02 -3.2555993E-01 0.0000000E+00 1.8092299E+00 2.6058620E+00         8    0.0     0.0       0.0
5.0761822E+01 -9.0485196E-03 -3.1827930E-01 0.0000000E+00 1.6204207E+00 2.5472907E+00         8    0.0     0.0       0.0
5.1738011E+01 -7.8067524E-03 -3.1098958E-01 0.0000000E+00 1.4313030E+00 2.4887196E+00         8    0.0     0.0       0.0
5.2714200E+01 -6.6561134E-03 -3.0369076E-01 0.0000000E+00 1.2418765E+00 2.4301489E+00         8    0.0     0.0       0.0
5.3690389E+01 -5.5054745E-03 -2.9639194E-01 0.0000000E+00 1.0524501E+00 2.3715781E+00         8    0.0     0.0       0.0
5.4666578E+01 -4.3548355E-03 -2.8909311E-01 0.0000000E+00 8.6302372E-01 2.3130073E+00         8    0.0     0.0       0.0
5.5642767E+01 -3.4009246E-03 -2.7896920E-01 0.0000000E+00 6.8694876E-01 2.2319379E+00         8    0.0     0.0       0.0
5.6618956E+01 -2.4470385E-03 -2.6884494E-01 0.0000000E+00 5.1087547E-01 2.1508656E+00         8    0.0     0.0       0.0
5.7595144E+01 -1.5870489E-03 -2.5479235E-01 0.0000000E+00 3.5115167E-01 2.0383794E+00         8    0.0     0.0       0.0
5.8571333E+01 -1.1028701E-03 -2.2501709E-01 0.0000000E+00 2.5686496E-01 1.8001626E+00         8    0.0     0.0       0.0
5.9547522E+01 -6.1869145E-04 -1.9524182E-01 0.0000000E+00 1.6257825E-01 1.5619458E+00         8    0.0     0.0       0.0
6.0523711E+01 -3.2815226E-04 -1.7737470E-01 0.0000000E+00 1.4408996E-03 1.3237255E+00         8    0.0     0.0       0.0
6.1499900E+01 -3.2815226E-04 -1.7737470E-01 0.0000000E+00 -2.6000000E-01 1.0855000E+00         8    0.0     0.0       0.0
