# ----- Rotor performance tables for the WEIS Turbine wind turbine ----- 
# ------------ Written on Aug-22-24 using the ROSCO toolbox ------------ 

# Pitch angle vector, 51 entries - x axis (matrix columns) (deg)
-5.0000    -3.8776    -2.7551    -1.6327    -0.5102     0.0000     0.6122     1.7347     2.8571     3.9796     5.1020     6.2245     7.3469     8.4694     9.5918    10.7143    11.8367    12.9592    14.0816    15.2041    16.3265    17.4490    18.5714    19.6939    20.8163    21.9388    23.0612    24.1837    25.3061    26.4286    27.5510    28.6735    29.7959    30.9184    32.0408    33.1633    34.2857    35.4082    36.5306    37.6531    38.7755    39.8980    41.0204    42.1429    43.2653    44.3878    45.5102    46.6327    47.7551    48.8776    50.0000   
# TSR vector, 50 entries - y axis (matrix rows) (-)
2.0000     2.4694     2.9388     3.4082     3.8776     4.3469     4.8163     5.2857     5.7551     6.2245     6.6939     7.1633     7.6327     8.1020     8.5714     9.0408     9.5102     9.9796    10.4490    10.9184    11.3878    11.8571    12.3265    12.7959    13.2653    13.7347    14.2041    14.6735    15.1429    15.6122    16.0816    16.5510    17.0204    17.4898    17.9592    18.4286    18.8980    19.3673    19.8367    20.3061    20.7755    21.2449    21.7143    22.1837    22.6531    23.1224    23.5918    24.0612    24.5306    25.0000    
# Wind speed vector - z axis (m/s)
12.5    

# Power coefficient

-0.0103	-0.0086	-0.0068	-0.0049	-0.0029	-0.0019	-0.0007	0.0017	0.0042	0.0070	0.0100	0.0132	0.0164	0.0197	0.0230	0.0261	0.0293	0.0325	0.0359	0.0392	0.0424	0.0453	0.0478	0.0499	0.0516	0.0530	0.0538	0.0542	0.0543	0.0537	0.0532	0.0517	0.0498	0.0473	0.0442	0.0409	0.0370	0.0328	0.0284	0.0237	0.0190	0.0140	0.0088	0.0034	-0.0022	-0.0075	-0.0126	-0.0171	-0.0211	-0.0244	-0.0271	
-0.0158	-0.0120	-0.0078	-0.0033	0.0016	0.0039	0.0068	0.0123	0.0180	0.0236	0.0290	0.0340	0.0389	0.0440	0.0494	0.0547	0.0599	0.0646	0.0685	0.0716	0.0740	0.0756	0.0765	0.0768	0.0762	0.0752	0.0728	0.0701	0.0663	0.0621	0.0568	0.0513	0.0454	0.0391	0.0326	0.0258	0.0188	0.0116	0.0041	-0.0036	-0.0114	-0.0191	-0.0262	-0.0325	-0.0377	-0.0417	-0.0450	-0.0480	-0.0510	-0.0544	-0.0581	
-0.0164	-0.0085	-0.0000	0.0088	0.0178	0.0219	0.0267	0.0350	0.0426	0.0497	0.0570	0.0649	0.0730	0.0809	0.0880	0.0938	0.0984	0.1016	0.1037	0.1049	0.1044	0.1028	0.0999	0.0954	0.0903	0.0838	0.0771	0.0694	0.0614	0.0530	0.0443	0.0352	0.0258	0.0161	0.0061	-0.0041	-0.0146	-0.0251	-0.0355	-0.0452	-0.0536	-0.0602	-0.0651	-0.0689	-0.0727	-0.0770	-0.0822	-0.0879	-0.0939	-0.1001	-0.1064	
-0.0071	0.0063	0.0198	0.0326	0.0444	0.0493	0.0548	0.0643	0.0744	0.0858	0.0975	0.1089	0.1189	0.1269	0.1323	0.1362	0.1384	0.1385	0.1354	0.1304	0.1246	0.1162	0.1081	0.0987	0.0888	0.0784	0.0676	0.0562	0.0444	0.0321	0.0194	0.0064	-0.0069	-0.0204	-0.0340	-0.0476	-0.0609	-0.0732	-0.0833	-0.0908	-0.0961	-0.1007	-0.1060	-0.1128	-0.1207	-0.1292	-0.1381	-0.1473	-0.1566	-0.1659	-0.1751	
0.0136	0.0319	0.0484	0.0628	0.0751	0.0806	0.0877	0.1028	0.1192	0.1361	0.1513	0.1624	0.1704	0.1759	0.1777	0.1752	0.1687	0.1610	0.1518	0.1412	0.1298	0.1178	0.1052	0.0918	0.0778	0.0632	0.0481	0.0324	0.0162	-0.0003	-0.0172	-0.0343	-0.0514	-0.0686	-0.0853	-0.1011	-0.1148	-0.1248	-0.1317	-0.1375	-0.1446	-0.1539	-0.1647	-0.1765	-0.1891	-0.2021	-0.2152	-0.2284	-0.2415	-0.2544	-0.2670	
0.0426	0.0628	0.0796	0.0942	0.1118	0.1215	0.1337	0.1574	0.1807	0.1985	0.2117	0.2199	0.2200	0.2147	0.2069	0.1967	0.1846	0.1717	0.1579	0.1433	0.1278	0.1114	0.0943	0.0764	0.0578	0.0386	0.0188	-0.0015	-0.0222	-0.0433	-0.0644	-0.0855	-0.1063	-0.1264	-0.1449	-0.1603	-0.1711	-0.1790	-0.1871	-0.1985	-0.2123	-0.2278	-0.2446	-0.2621	-0.2801	-0.2982	-0.3163	-0.3341	-0.3515	-0.3684	-0.3846	
0.0735	0.0929	0.1107	0.1359	0.1653	0.1799	0.1989	0.2303	0.2505	0.2643	0.2658	0.2601	0.2499	0.2379	0.2241	0.2091	0.1932	0.1761	0.1580	0.1388	0.1187	0.0976	0.0756	0.0529	0.0294	0.0052	-0.0195	-0.0448	-0.0704	-0.0960	-0.1212	-0.1461	-0.1699	-0.1919	-0.2106	-0.2239	-0.2339	-0.2455	-0.2615	-0.2805	-0.3017	-0.3243	-0.3479	-0.3719	-0.3961	-0.4202	-0.4439	-0.4669	-0.4890	-0.5101	-0.5303	
0.1017	0.1242	0.1566	0.1943	0.2444	0.2636	0.2808	0.3035	0.3120	0.3085	0.2983	0.2847	0.2697	0.2534	0.2358	0.2168	0.1965	0.1749	0.1521	0.1282	0.1031	0.0770	0.0499	0.0219	-0.0069	-0.0365	-0.0666	-0.0971	-0.1276	-0.1574	-0.1868	-0.2154	-0.2415	-0.2655	-0.2834	-0.2966	-0.3118	-0.3329	-0.3577	-0.3853	-0.4147	-0.4454	-0.4768	-0.5084	-0.5398	-0.5705	-0.6003	-0.6289	-0.6562	-0.6822	-0.7071	
0.1311	0.1701	0.2190	0.2874	0.3285	0.3437	0.3550	0.3558	0.3482	0.3351	0.3201	0.3032	0.2848	0.2647	0.2430	0.2198	0.1950	0.1688	0.1411	0.1120	0.0816	0.0500	0.0173	-0.0163	-0.0510	-0.0864	-0.1223	-0.1581	-0.1931	-0.2276	-0.2617	-0.2929	-0.3234	-0.3486	-0.3672	-0.3854	-0.4116	-0.4426	-0.4772	-0.5145	-0.5535	-0.5936	-0.6340	-0.6742	-0.7134	-0.7515	-0.7879	-0.8227	-0.8558	-0.8875	-0.9178	
0.1734	0.2386	0.3191	0.3748	0.3974	0.3973	0.3946	0.3848	0.3715	0.3558	0.3379	0.3179	0.2960	0.2721	0.2464	0.2188	0.1893	0.1580	0.1251	0.0905	0.0544	0.0169	-0.0218	-0.0617	-0.1028	-0.1445	-0.1862	-0.2273	-0.2673	-0.3074	-0.3457	-0.3813	-0.4172	-0.4453	-0.4657	-0.4964	-0.5337	-0.5760	-0.6220	-0.6705	-0.7207	-0.7714	-0.8219	-0.8713	-0.9192	-0.9652	-1.0091	-1.0508	-1.0907	-1.1288	-1.1655	
0.2371	0.3354	0.4066	0.4270	0.4256	0.4222	0.4171	0.4051	0.3902	0.3724	0.3521	0.3292	0.3040	0.2764	0.2464	0.2141	0.1796	0.1430	0.1043	0.0638	0.0216	-0.0222	-0.0677	-0.1146	-0.1626	-0.2108	-0.2584	-0.3049	-0.3512	-0.3975	-0.4387	-0.4853	-0.5278	-0.5533	-0.5864	-0.6297	-0.6799	-0.7352	-0.7943	-0.8558	-0.9185	-0.9810	-1.0424	-1.1021	-1.1594	-1.2142	-1.2664	-1.3161	-1.3636	-1.4092	-1.4532	
0.3237	0.4107	0.4382	0.4425	0.4399	0.4370	0.4324	0.4204	0.4047	0.3856	0.3631	0.3377	0.3091	0.2775	0.2432	0.2060	0.1661	0.1237	0.0790	0.0322	-0.0167	-0.0676	-0.1206	-0.1752	-0.2303	-0.2852	-0.3391	-0.3920	-0.4458	-0.4977	-0.5461	-0.6064	-0.6501	-0.6815	-0.7296	-0.7873	-0.8522	-0.9225	-0.9965	-1.0726	-1.1490	-1.2244	-1.2978	-1.3687	-1.4365	-1.5011	-1.5625	-1.6212	-1.6773	-1.7314	-1.7839	
0.3890	0.4237	0.4370	0.4446	0.4459	0.4446	0.4414	0.4310	0.4155	0.3957	0.3716	0.3434	0.3116	0.2760	0.2369	0.1944	0.1489	0.1005	0.0494	-0.0043	-0.0607	-0.1197	-0.1810	-0.2435	-0.3061	-0.3681	-0.4289	-0.4895	-0.5522	-0.6079	-0.6754	-0.7488	-0.7840	-0.8330	-0.8969	-0.9711	-1.0527	-1.1399	-1.2308	-1.3229	-1.4142	-1.5036	-1.5903	-1.6735	-1.7528	-1.8283	-1.9001	-1.9687	-2.0346	-2.0983	-2.1604	
0.3890	0.4092	0.4248	0.4371	0.4440	0.4449	0.4439	0.4369	0.4230	0.4028	0.3773	0.3468	0.3114	0.2716	0.2276	0.1797	0.1282	0.0734	0.0153	-0.0462	-0.1110	-0.1789	-0.2489	-0.3196	-0.3901	-0.4599	-0.5285	-0.5988	-0.6703	-0.7313	-0.8260	-0.8999	-0.9406	-1.0082	-1.0903	-1.1829	-1.2834	-1.3897	-1.4991	-1.6085	-1.7162	-1.8210	-1.9221	-2.0189	-2.1109	-2.1984	-2.2817	-2.3615	-2.4383	-2.5129	-2.5858	
0.3683	0.3886	0.4068	0.4226	0.4348	0.4384	0.4404	0.4376	0.4264	0.4070	0.3804	0.3475	0.3087	0.2646	0.2156	0.1620	0.1042	0.0423	-0.0237	-0.0938	-0.1679	-0.2454	-0.3244	-0.4038	-0.4829	-0.5614	-0.6390	-0.7211	-0.7998	-0.8776	-1.0011	-1.0596	-1.1217	-1.2091	-1.3113	-1.4245	-1.5464	-1.6739	-1.8032	-1.9315	-2.0570	-2.1787	-2.2957	-2.4073	-2.5132	-2.6139	-2.7100	-2.8022	-2.8912	-2.9779	-3.0630	
0.3418	0.3645	0.3851	0.4041	0.4201	0.4259	0.4309	0.4334	0.4258	0.4079	0.3808	0.3457	0.3036	0.2551	0.2008	0.1412	0.0766	0.0070	-0.0678	-0.1475	-0.2318	-0.3192	-0.4077	-0.4963	-0.5851	-0.6731	-0.7617	-0.8570	-0.9410	-1.0543	-1.1939	-1.2416	-1.3280	-1.4372	-1.5616	-1.6980	-1.8436	-1.9941	-2.1452	-2.2940	-2.4389	-2.5790	-2.7132	-2.8409	-2.9620	-3.0773	-3.1875	-3.2934	-3.3961	-3.4963	-3.5949	
0.3107	0.3367	0.3608	0.3826	0.4019	0.4094	0.4169	0.4241	0.4208	0.4055	0.3785	0.3416	0.2962	0.2432	0.1834	0.1174	0.0453	-0.0330	-0.1174	-0.2077	-0.3027	-0.4004	-0.4989	-0.5979	-0.6974	-0.7958	-0.8977	-1.0064	-1.0960	-1.2559	-1.3857	-1.4498	-1.5608	-1.6937	-1.8428	-2.0052	-2.1769	-2.3523	-2.5268	-2.6978	-2.8640	-3.0241	-3.1770	-3.3222	-3.4600	-3.5912	-3.7168	-3.8380	-3.9556	-4.0708	-4.1845	
0.2757	0.3056	0.3334	0.3589	0.3811	0.3899	0.3992	0.4105	0.4116	0.3995	0.3735	0.3351	0.2864	0.2288	0.1633	0.0903	0.0100	-0.0779	-0.1729	-0.2745	-0.3808	-0.4893	-0.5986	-0.7090	-0.8203	-0.9303	-1.0482	-1.1694	-1.2696	-1.4859	-1.5909	-1.6848	-1.8213	-1.9802	-2.1570	-2.3481	-2.5480	-2.7502	-2.9501	-3.1453	-3.3344	-3.5162	-3.6894	-3.8535	-4.0094	-4.1580	-4.3007	-4.4385	-4.5726	-4.7043	-4.8346	
0.2361	0.2711	0.3033	0.3325	0.3580	0.3681	0.3790	0.3936	0.3986	0.3899	0.3656	0.3261	0.2743	0.2120	0.1404	0.0598	-0.0297	-0.1280	-0.2345	-0.3481	-0.4661	-0.5861	-0.7073	-0.8304	-0.9543	-1.0776	-1.2138	-1.3458	-1.4722	-1.7430	-1.8208	-1.9470	-2.1108	-2.2985	-2.5059	-2.7284	-2.9587	-3.1897	-3.4170	-3.6384	-3.8524	-4.0575	-4.2525	-4.4372	-4.6128	-4.7804	-4.9416	-5.0976	-5.2499	-5.3997	-5.5483	
0.1934	0.2330	0.2699	0.3035	0.3327	0.3442	0.3566	0.3741	0.3821	0.3769	0.3547	0.3148	0.2599	0.1927	0.1145	0.0256	-0.0740	-0.1836	-0.3024	-0.4286	-0.5590	-0.6912	-0.8254	-0.9626	-1.1000	-1.2388	-1.3949	-1.5358	-1.7147	-2.0010	-2.0789	-2.2371	-2.4305	-2.6502	-2.8913	-3.1477	-3.4108	-3.6727	-3.9295	-4.1792	-4.4200	-4.6503	-4.8687	-5.0757	-5.2726	-5.4609	-5.6422	-5.8181	-5.9901	-6.1598	-6.3283	
0.1486	0.1916	0.2333	0.2717	0.3050	0.3180	0.3320	0.3523	0.3628	0.3605	0.3407	0.3008	0.2431	0.1708	0.0854	-0.0127	-0.1231	-0.2449	-0.3768	-0.5162	-0.6596	-0.8051	-0.9536	-1.1060	-1.2578	-1.4148	-1.5918	-1.7397	-1.9910	-2.2596	-2.3659	-2.5562	-2.7822	-3.0369	-3.3148	-3.6078	-3.9058	-4.2010	-4.4897	-4.7698	-5.0394	-5.2966	-5.5403	-5.7713	-5.9912	-6.2020	-6.4052	-6.6027	-6.7961	-6.9873	-7.1775	
0.1036	0.1486	0.1939	0.2371	0.2749	0.2896	0.3053	0.3285	0.3411	0.3411	0.3236	0.2843	0.2238	0.1461	0.0529	-0.0552	-0.1772	-0.3121	-0.4578	-0.6110	-0.7682	-0.9281	-1.0924	-1.2611	-1.4285	-1.6067	-1.8046	-1.9586	-2.2965	-2.5365	-2.6819	-2.9057	-3.1674	-3.4604	-3.7780	-4.1103	-4.4457	-4.7766	-5.0995	-5.4123	-5.7127	-5.9988	-6.2696	-6.5264	-6.7713	-7.0062	-7.2331	-7.4539	-7.6706	-7.8852	-8.0988	
0.0595	0.1051	0.1524	0.1995	0.2421	0.2587	0.2763	0.3024	0.3171	0.3192	0.3035	0.2651	0.2019	0.1184	0.0167	-0.1020	-0.2366	-0.3854	-0.5455	-0.7133	-0.8852	-1.0608	-1.2423	-1.4284	-1.6127	-1.8151	-2.0333	-2.1944	-2.6415	-2.8390	-3.0272	-3.2868	-3.5875	-3.9222	-4.2826	-4.6569	-5.0323	-5.4014	-5.7610	-6.1087	-6.4421	-6.7590	-7.0588	-7.3434	-7.6151	-7.8760	-8.1284	-8.3745	-8.6164	-8.8562	-9.0951	
0.0182	0.0621	0.1103	0.1597	0.2066	0.2252	0.2449	0.2741	0.2911	0.2948	0.2805	0.2430	0.1773	0.0875	-0.0232	-0.1535	-0.3015	-0.4648	-0.6403	-0.8234	-1.0109	-1.2037	-1.4038	-1.6083	-1.8111	-2.0409	-2.2778	-2.4518	-3.0185	-3.1710	-3.4026	-3.7010	-4.0441	-4.4238	-4.8303	-5.2492	-5.6672	-6.0772	-6.4760	-6.8611	-7.2296	-7.5794	-7.9103	-8.2248	-8.5252	-8.8141	-9.0939	-9.3671	-9.6361	-9.9031	-10.1691	
-0.0189	0.0210	0.0681	0.1187	0.1685	0.1890	0.2110	0.2436	0.2630	0.2680	0.2547	0.2179	0.1497	0.0534	-0.0672	-0.2097	-0.3718	-0.5506	-0.7421	-0.9414	-1.1459	-1.3571	-1.5772	-1.8013	-2.0247	-2.2842	-2.5379	-2.7397	-3.3970	-3.5340	-3.8091	-4.1497	-4.5386	-4.9669	-5.4224	-5.8890	-6.3524	-6.8060	-7.2467	-7.6715	-8.0775	-8.4623	-8.8265	-9.1728	-9.5040	-9.8229	-10.1321	-10.4344	-10.7325	-11.0288	-11.3238	
-0.0518	-0.0168	0.0269	0.0772	0.1284	0.1503	0.1744	0.2106	0.2327	0.2390	0.2264	0.1897	0.1192	0.0158	-0.1152	-0.2709	-0.4479	-0.6430	-0.8513	-1.0677	-1.2904	-1.5216	-1.7631	-2.0076	-2.2542	-2.5455	-2.8133	-3.0723	-3.7713	-3.9284	-4.2480	-4.6341	-5.0724	-5.5529	-6.0608	-6.5779	-7.0895	-7.5897	-8.0749	-8.5420	-8.9878	-9.4098	-9.8095	-10.1899	-10.5540	-10.9049	-11.2455	-11.5790	-11.9083	-12.2359	-12.5620	
-0.0812	-0.0507	-0.0121	0.0358	0.0873	0.1098	0.1354	0.1753	0.2003	0.2077	0.1956	0.1584	0.0855	-0.0254	-0.1676	-0.3371	-0.5299	-0.7421	-0.9681	-1.2026	-1.4449	-1.6975	-1.9618	-2.2279	-2.5007	-2.8250	-3.1041	-3.4599	-4.1585	-4.3548	-4.7205	-5.1556	-5.6472	-6.1834	-6.7470	-7.3176	-7.8805	-8.4301	-8.9627	-9.4747	-9.9627	-10.4244	-10.8618	-11.2785	-11.6776	-12.0626	-12.4369	-12.8037	-13.1663	-13.5273	-13.8865	
-0.1080	-0.0817	-0.0481	-0.0047	0.0458	0.0683	0.0944	0.1374	0.1655	0.1740	0.1623	0.1239	0.0484	-0.0703	-0.2244	-0.4084	-0.6180	-0.8481	-1.0926	-1.3465	-1.6097	-1.8854	-2.1737	-2.4625	-2.7649	-3.1226	-3.4108	-3.8952	-4.5674	-4.8136	-5.2278	-5.7157	-6.2642	-6.8599	-7.4825	-8.1098	-8.7272	-9.3293	-9.9121	-10.4717	-11.0043	-11.5081	-11.9857	-12.4409	-12.8773	-13.2987	-13.7087	-14.1110	-14.5092	-14.9058	-15.3002	
-0.1330	-0.1103	-0.0811	-0.0432	0.0041	0.0263	0.0522	0.0970	0.1283	0.1381	0.1264	0.0862	0.0079	-0.1192	-0.2858	-0.4852	-0.7123	-0.9612	-1.2252	-1.4997	-1.7852	-2.0856	-2.3993	-2.7121	-3.0475	-3.4387	-3.7341	-4.3675	-5.0030	-5.3056	-5.7711	-6.3156	-6.9250	-7.5839	-8.2689	-8.9562	-9.6313	-10.2890	-10.9250	-11.5349	-12.1148	-12.6632	-13.1834	-13.6795	-14.1555	-14.6155	-15.0636	-15.5037	-15.9397	-16.3741	-16.8059	
-0.1565	-0.1371	-0.1120	-0.0792	-0.0370	-0.0160	0.0093	0.0543	0.0887	0.0998	0.0880	0.0454	-0.0362	-0.1721	-0.3518	-0.5674	-0.8129	-1.0816	-1.3661	-1.6624	-1.9718	-2.2984	-2.6388	-2.9772	-3.3490	-3.7733	-4.0748	-4.8893	-5.4685	-5.8314	-6.3517	-6.9566	-7.6310	-8.3569	-9.1079	-9.8585	-10.5947	-11.3113	-12.0034	-12.6665	-13.2964	-13.8920	-14.4573	-14.9967	-15.5147	-16.0157	-16.5042	-16.9844	-17.4606	-17.9350	-18.4064	
-0.1787	-0.1626	-0.1411	-0.1131	-0.0767	-0.0579	-0.0340	0.0098	0.0464	0.0590	0.0469	0.0014	-0.0841	-0.2291	-0.4227	-0.6553	-0.9201	-1.2094	-1.5156	-1.8351	-2.1699	-2.5243	-2.8928	-3.2584	-3.6700	-4.1266	-4.4345	-5.4605	-5.9663	-6.3921	-6.9708	-7.6400	-8.3837	-9.1803	-10.0010	-10.8184	-11.6192	-12.3979	-13.1494	-13.8686	-14.5511	-15.1967	-15.8096	-16.3949	-16.9573	-17.5017	-18.0329	-18.5556	-19.0744	-19.5914	-20.1047	
-0.1999	-0.1874	-0.1690	-0.1455	-0.1145	-0.0987	-0.0774	-0.0359	0.0016	0.0157	0.0031	-0.0457	-0.1359	-0.2904	-0.4985	-0.7490	-1.0340	-1.3449	-1.6740	-2.0180	-2.3798	-2.7637	-3.1615	-3.5564	-4.0107	-4.4988	-4.8150	-6.0732	-6.4982	-6.9887	-7.6295	-8.3673	-9.1843	-10.0558	-10.9498	-11.8376	-12.7065	-13.5508	-14.3648	-15.1431	-15.8813	-16.5795	-17.2428	-17.8764	-18.4858	-19.0761	-19.6525	-20.2202	-20.7841	-21.3458	-21.9035	
-0.2203	-0.2114	-0.1960	-0.1765	-0.1509	-0.1378	-0.1203	-0.0824	-0.0458	-0.0303	-0.0436	-0.0959	-0.1917	-0.3561	-0.5794	-0.8487	-1.1548	-1.4884	-1.8414	-2.2115	-2.6019	-3.0169	-3.4454	-3.8720	-4.3715	-4.8901	-5.2185	-6.6987	-7.0653	-7.6222	-8.3292	-9.1397	-10.0344	-10.9848	-11.9560	-12.9179	-13.8586	-14.7719	-15.6517	-16.4923	-17.2890	-18.0427	-18.7590	-19.4437	-20.1026	-20.7413	-21.3655	-21.9807	-22.5922	-23.2013	-23.8056	
-0.2400	-0.2348	-0.2226	-0.2066	-0.1862	-0.1757	-0.1620	-0.1296	-0.0954	-0.0791	-0.0932	-0.1495	-0.2516	-0.4263	-0.6655	-0.9544	-1.2826	-1.6400	-2.0183	-2.4158	-2.8365	-3.2843	-3.7449	-4.2057	-4.7527	-5.3010	-5.6476	-7.3252	-7.6684	-8.2937	-9.0709	-9.9586	-10.9353	-11.9688	-13.0210	-14.0609	-15.0773	-16.0632	-17.0121	-17.9181	-18.7763	-19.5884	-20.3606	-21.0991	-21.8102	-22.5000	-23.1745	-23.8399	-24.5015	-25.1604	-25.8140	
-0.2594	-0.2577	-0.2490	-0.2360	-0.2208	-0.2128	-0.2025	-0.1772	-0.1468	-0.1306	-0.1457	-0.2064	-0.3157	-0.5011	-0.7570	-1.0664	-1.4177	-1.7999	-2.2048	-2.6313	-3.0841	-3.5662	-4.0605	-4.5581	-5.1546	-5.7319	-6.1054	-7.9590	-8.3083	-9.0043	-9.8559	-10.8253	-11.8885	-13.0092	-14.1465	-15.2685	-16.3642	-17.4264	-18.4480	-19.4227	-20.3456	-21.2191	-22.0500	-22.8451	-23.6110	-24.3545	-25.0821	-25.8002	-26.5147	-27.2261	-27.9314	
-0.2786	-0.2801	-0.2754	-0.2649	-0.2547	-0.2495	-0.2422	-0.2247	-0.1997	-0.1851	-0.2014	-0.2669	-0.3840	-0.5806	-0.8539	-1.1848	-1.5601	-1.9684	-2.4012	-2.8584	-3.3449	-3.8630	-4.3925	-4.9299	-5.5775	-6.1831	-6.5957	-8.6076	-8.9858	-9.7552	-10.6855	-11.7411	-12.8953	-14.1077	-15.3341	-16.5423	-17.7214	-18.8635	-19.9614	-21.0081	-21.9988	-22.9368	-23.8293	-24.6838	-25.5075	-26.3074	-27.0908	-27.8645	-28.6345	-29.4010	-30.1607	
-0.2976	-0.3022	-0.3016	-0.2938	-0.2881	-0.2858	-0.2817	-0.2717	-0.2537	-0.2424	-0.2603	-0.3309	-0.4568	-0.6650	-0.9564	-1.3097	-1.7102	-2.1457	-2.6079	-3.0972	-3.6194	-4.1752	-4.7414	-5.3216	-6.0219	-6.6553	-7.1240	-9.2770	-9.7015	-10.5473	-11.5607	-12.7073	-13.9572	-15.2656	-16.5854	-17.8840	-19.1505	-20.3765	-21.5542	-22.6765	-23.7382	-24.7438	-25.7010	-26.6179	-27.5021	-28.3613	-29.2032	-30.0353	-30.8636	-31.6879	-32.5047	
-0.3169	-0.3240	-0.3277	-0.3229	-0.3211	-0.3217	-0.3212	-0.3180	-0.3087	-0.3026	-0.3224	-0.3985	-0.5340	-0.7543	-1.0647	-1.4413	-1.8680	-2.3320	-2.8251	-3.3483	-3.9078	-4.5029	-5.1077	-5.7336	-6.4881	-7.1489	-7.6981	-9.9722	-10.4563	-11.3819	-12.4829	-13.7252	-15.0755	-16.4845	-17.9020	-19.2953	-20.6533	-21.9672	-23.2285	-24.4298	-25.5659	-26.6423	-27.6674	-28.6495	-29.5972	-30.5186	-31.4219	-32.3152	-33.2048	-34.0897	-34.9663	
-0.3366	-0.3457	-0.3536	-0.3524	-0.3538	-0.3574	-0.3607	-0.3639	-0.3645	-0.3653	-0.3879	-0.4699	-0.6157	-0.8487	-1.1789	-1.5797	-2.0339	-2.5276	-3.0530	-3.6117	-4.2105	-4.8467	-5.4919	-6.1664	-6.9764	-7.6645	-8.3289	-10.6968	-11.2510	-12.2599	-13.4531	-14.7961	-16.2516	-17.7659	-19.2856	-20.7780	-22.2318	-23.6375	-24.9863	-26.2701	-27.4842	-28.6346	-29.7306	-30.7812	-31.7953	-32.7819	-33.7496	-34.7070	-35.6606	-36.6090	-37.5483	
-0.3569	-0.3676	-0.3794	-0.3822	-0.3867	-0.3929	-0.4003	-0.4100	-0.4207	-0.4305	-0.4569	-0.5452	-0.7019	-0.9482	-1.2990	-1.7252	-2.2079	-2.7327	-3.2919	-3.8879	-4.5278	-5.2069	-5.8944	-6.6205	-7.4873	-8.2027	-9.0251	-11.4535	-12.0863	-13.1825	-14.4727	-15.9214	-17.4870	-19.1113	-20.7378	-22.3338	-23.8877	-25.3894	-26.8296	-28.1997	-29.4951	-30.7230	-31.8931	-33.0153	-34.0989	-35.1536	-36.1887	-37.2133	-38.2340	-39.2488	-40.2535	
-0.3779	-0.3900	-0.4053	-0.4124	-0.4198	-0.4285	-0.4398	-0.4565	-0.4771	-0.4976	-0.5295	-0.6244	-0.7928	-1.0531	-1.4253	-1.8778	-2.3902	-2.9475	-3.5421	-4.1772	-4.8601	-5.5839	-6.3157	-7.0964	-8.0211	-8.7639	-9.7892	-12.2447	-12.9633	-14.1507	-15.5428	-17.1023	-18.7830	-20.5222	-22.2602	-23.9645	-25.6229	-27.2248	-28.7603	-30.2204	-31.6008	-32.9096	-34.1572	-35.3541	-36.5104	-37.6363	-38.7418	-39.8367	-40.9274	-42.0116	-43.0847	
-0.3995	-0.4130	-0.4314	-0.4429	-0.4533	-0.4642	-0.4795	-0.5038	-0.5334	-0.5667	-0.6056	-0.7077	-0.8884	-1.1634	-1.5579	-2.0377	-2.5812	-3.1722	-3.8039	-4.4799	-5.2078	-5.9780	-6.7563	-7.5945	-8.5782	-9.3488	-10.6152	-13.0722	-13.8826	-15.1657	-16.6646	-18.3401	-20.1410	-22.0001	-23.8544	-25.6716	-27.4391	-29.1455	-30.7805	-32.3344	-33.8035	-35.1966	-36.5251	-37.8000	-39.0322	-40.2325	-41.4116	-42.5799	-43.7438	-44.9004	-46.0449	
-0.4217	-0.4366	-0.4580	-0.4738	-0.4874	-0.5003	-0.5195	-0.5517	-0.5896	-0.6375	-0.6855	-0.7951	-0.9887	-1.2793	-1.6969	-2.2052	-2.7808	-3.4071	-4.0775	-4.7962	-5.5710	-6.3896	-7.2167	-8.1153	-9.1592	-9.9578	-11.5030	-13.9378	-14.8453	-16.2284	-17.8393	-19.6362	-21.5625	-23.5465	-25.5221	-27.4570	-29.3382	-31.1535	-32.8922	-34.5439	-36.1053	-37.5864	-38.9992	-40.3555	-41.6668	-42.9447	-44.2006	-45.4455	-46.6857	-47.9178	-49.1368	
-0.4447	-0.4609	-0.4851	-0.5052	-0.5221	-0.5368	-0.5598	-0.6004	-0.6463	-0.7100	-0.7690	-0.8868	-1.0939	-1.4008	-1.8424	-2.3803	-2.9894	-3.6524	-4.3632	-5.1265	-5.9502	-6.8191	-7.6973	-8.6592	-9.7645	-10.5917	-12.4577	-14.8428	-15.8523	-17.3401	-19.0681	-20.9917	-23.0488	-25.1629	-27.2648	-29.3224	-31.3219	-33.2508	-35.0974	-36.8508	-38.5084	-40.0812	-41.5818	-43.0228	-44.4166	-45.7754	-47.1114	-48.4361	-49.7558	-51.0667	-52.3632	
-0.4683	-0.4858	-0.5128	-0.5372	-0.5576	-0.5740	-0.6004	-0.6500	-0.7038	-0.7838	-0.8562	-0.9829	-1.2041	-1.5280	-1.9946	-2.5632	-3.2072	-3.9084	-4.6613	-5.4712	-6.3458	-7.2669	-8.1985	-9.2266	-10.3947	-11.2509	-13.4771	-15.7886	-16.9044	-18.5018	-20.3521	-22.4080	-24.6014	-26.8508	-29.0842	-31.2695	-33.3922	-35.4391	-37.3980	-39.2573	-41.0150	-42.6831	-44.2752	-45.8044	-47.2841	-48.7272	-50.1465	-51.5544	-52.9570	-54.3498	-55.7271	
-0.4926	-0.5116	-0.5411	-0.5699	-0.5940	-0.6119	-0.6416	-0.7005	-0.7625	-0.8587	-0.9469	-1.0833	-1.3193	-1.6612	-2.1537	-2.7540	-3.4343	-4.1753	-4.9720	-5.8304	-6.7580	-7.7335	-8.7209	-9.8180	-11.0503	-11.9361	-14.5623	-16.7763	-18.0028	-19.7145	-21.6927	-23.8864	-26.2216	-28.6118	-30.9819	-33.3000	-35.5508	-37.7205	-39.7960	-41.7654	-43.6272	-45.3945	-47.0816	-48.7027	-50.2717	-51.8025	-53.3086	-54.8031	-56.2919	-57.7700	-59.2311	
-0.5176	-0.5382	-0.5701	-0.6032	-0.6316	-0.6508	-0.6834	-0.7518	-0.8226	-0.9347	-1.0411	-1.1883	-1.4396	-1.8004	-2.3196	-2.9531	-3.6708	-4.4532	-5.2956	-6.2045	-7.1871	-8.2191	-9.2648	-10.4339	-11.7318	-12.6480	-15.7091	-17.8071	-19.1482	-20.9793	-23.0909	-25.4282	-27.9109	-30.4473	-32.9595	-35.4156	-37.7996	-40.0968	-42.2936	-44.3772	-46.3471	-48.2175	-50.0034	-51.7199	-53.3818	-55.0038	-56.6002	-58.1848	-59.7631	-61.3298	-62.8783	
-0.5432	-0.5655	-0.5997	-0.6373	-0.6703	-0.6908	-0.7260	-0.8038	-0.8842	-1.0113	-1.1384	-1.2980	-1.5652	-1.9457	-2.4927	-3.1604	-3.9172	-4.7425	-5.6324	-6.5938	-7.6336	-8.7241	-9.8307	-11.0746	-12.4398	-13.3872	-16.9026	-18.8818	-20.3418	-22.2974	-24.5480	-27.0346	-29.6706	-32.3588	-35.0187	-37.6181	-40.1404	-42.5700	-44.8926	-47.0948	-49.1770	-51.1544	-53.0429	-54.8585	-56.6170	-58.3337	-60.0239	-61.7021	-63.3735	-65.0323	-66.6714	
-0.5696	-0.5937	-0.6301	-0.6720	-0.7101	-0.7321	-0.7695	-0.8568	-0.9474	-1.0888	-1.2389	-1.4123	-1.6962	-2.0972	-2.6730	-3.3762	-4.1734	-5.0434	-5.9826	-6.9987	-8.0978	-9.2491	-10.4190	-11.7406	-13.1749	-14.1544	-18.1344	-20.0016	-21.5844	-23.6698	-26.0651	-28.7071	-31.5022	-34.3479	-37.1610	-39.9093	-42.5750	-45.1420	-47.5950	-49.9203	-52.1190	-54.2074	-56.2024	-58.1209	-59.9795	-61.7946	-63.5823	-65.3576	-67.1257	-68.8800	-70.6132	
-0.5966	-0.6228	-0.6612	-0.7076	-0.7512	-0.7747	-0.8142	-0.9107	-1.0125	-1.1673	-1.3424	-1.5315	-1.8326	-2.2552	-2.8607	-3.6007	-4.4397	-5.3560	-6.3465	-7.4193	-8.5799	-9.7944	-11.0301	-12.4322	-13.9376	-14.9506	-19.4014	-21.1674	-22.8770	-25.0976	-27.6435	-30.4468	-33.4070	-36.4161	-39.3881	-42.2907	-45.1052	-47.8146	-50.4029	-52.8557	-55.1753	-57.3788	-59.4843	-61.5095	-63.4720	-65.3892	-67.2779	-69.1541	-71.0224	-72.8758	-74.7065


#  Thrust coefficient

0.0844	0.0835	0.0827	0.0819	0.0811	0.0808	0.0805	0.0799	0.0794	0.0790	0.0787	0.0786	0.0785	0.0784	0.0783	0.0782	0.0781	0.0782	0.0785	0.0788	0.0790	0.0791	0.0789	0.0784	0.0778	0.0770	0.0760	0.0746	0.0730	0.0709	0.0690	0.0662	0.0630	0.0594	0.0552	0.0509	0.0462	0.0413	0.0362	0.0309	0.0255	0.0201	0.0145	0.0088	0.0032	-0.0020	-0.0064	-0.0100	-0.0126	-0.0141	-0.0149	
0.0999	0.0994	0.0990	0.0988	0.0987	0.0988	0.0989	0.0992	0.0997	0.1002	0.1006	0.1008	0.1011	0.1017	0.1027	0.1038	0.1048	0.1055	0.1058	0.1055	0.1050	0.1039	0.1024	0.1005	0.0978	0.0948	0.0907	0.0863	0.0810	0.0756	0.0692	0.0626	0.0557	0.0486	0.0413	0.0339	0.0263	0.0186	0.0108	0.0030	-0.0048	-0.0120	-0.0179	-0.0222	-0.0249	-0.0257	-0.0258	-0.0255	-0.0254	-0.0255	-0.0261	
0.1214	0.1219	0.1227	0.1237	0.1249	0.1255	0.1261	0.1272	0.1279	0.1286	0.1296	0.1315	0.1338	0.1359	0.1376	0.1386	0.1389	0.1384	0.1371	0.1352	0.1318	0.1276	0.1223	0.1157	0.1087	0.1006	0.0923	0.0833	0.0740	0.0646	0.0549	0.0450	0.0349	0.0246	0.0142	0.0038	-0.0066	-0.0167	-0.0263	-0.0339	-0.0388	-0.0410	-0.0405	-0.0391	-0.0381	-0.0376	-0.0382	-0.0389	-0.0395	-0.0401	-0.0405	
0.1508	0.1529	0.1550	0.1571	0.1589	0.1595	0.1600	0.1610	0.1629	0.1662	0.1701	0.1739	0.1770	0.1791	0.1795	0.1788	0.1767	0.1728	0.1663	0.1583	0.1496	0.1390	0.1286	0.1173	0.1057	0.0937	0.0814	0.0688	0.0559	0.0428	0.0295	0.0160	0.0026	-0.0107	-0.0237	-0.0362	-0.0477	-0.0562	-0.0603	-0.0601	-0.0568	-0.0540	-0.0525	-0.0530	-0.0538	-0.0546	-0.0554	-0.0561	-0.0566	-0.0569	-0.0571	
0.1887	0.1919	0.1947	0.1965	0.1976	0.1983	0.1997	0.2044	0.2106	0.2172	0.2232	0.2270	0.2285	0.2277	0.2240	0.2167	0.2061	0.1947	0.1821	0.1684	0.1543	0.1398	0.1249	0.1095	0.0938	0.0777	0.0613	0.0446	0.0278	0.0110	-0.0057	-0.0222	-0.0382	-0.0534	-0.0675	-0.0790	-0.0842	-0.0830	-0.0770	-0.0719	-0.0699	-0.0705	-0.0715	-0.0725	-0.0736	-0.0745	-0.0753	-0.0758	-0.0760	-0.0760	-0.0757	
0.2338	0.2369	0.2386	0.2400	0.2445	0.2481	0.2533	0.2636	0.2742	0.2820	0.2862	0.2860	0.2792	0.2679	0.2546	0.2395	0.2230	0.2060	0.1886	0.1706	0.1521	0.1331	0.1136	0.0937	0.0735	0.0531	0.0325	0.0119	-0.0085	-0.0286	-0.0480	-0.0665	-0.0837	-0.0992	-0.1101	-0.1114	-0.1044	-0.0948	-0.0900	-0.0902	-0.0912	-0.0925	-0.0939	-0.0952	-0.0963	-0.0971	-0.0976	-0.0977	-0.0975	-0.0970	-0.0963	
0.2836	0.2851	0.2875	0.2961	0.3095	0.3163	0.3253	0.3416	0.3498	0.3522	0.3445	0.3307	0.3133	0.2946	0.2748	0.2543	0.2333	0.2116	0.1893	0.1665	0.1431	0.1193	0.0951	0.0705	0.0458	0.0211	-0.0034	-0.0275	-0.0509	-0.0733	-0.0944	-0.1137	-0.1309	-0.1423	-0.1403	-0.1278	-0.1153	-0.1123	-0.1130	-0.1144	-0.1160	-0.1178	-0.1194	-0.1206	-0.1214	-0.1218	-0.1218	-0.1215	-0.1210	-0.1203	-0.1194	
0.3369	0.3411	0.3533	0.3714	0.3980	0.4088	0.4171	0.4242	0.4197	0.4051	0.3848	0.3623	0.3389	0.3149	0.2902	0.2647	0.2386	0.2118	0.1844	0.1565	0.1281	0.0992	0.0701	0.0410	0.0120	-0.0167	-0.0447	-0.0717	-0.0973	-0.1212	-0.1431	-0.1624	-0.1764	-0.1732	-0.1557	-0.1396	-0.1373	-0.1383	-0.1399	-0.1420	-0.1441	-0.1459	-0.1473	-0.1482	-0.1486	-0.1486	-0.1483	-0.1477	-0.1470	-0.1460	-0.1449	
0.3995	0.4143	0.4392	0.4787	0.4983	0.5040	0.5051	0.4907	0.4691	0.4434	0.4167	0.3890	0.3607	0.3315	0.3015	0.2708	0.2393	0.2072	0.1745	0.1412	0.1076	0.0737	0.0398	0.0062	-0.0268	-0.0590	-0.0899	-0.1192	-0.1464	-0.1713	-0.1934	-0.2115	-0.2116	-0.1905	-0.1679	-0.1647	-0.1658	-0.1678	-0.1702	-0.1726	-0.1748	-0.1764	-0.1774	-0.1779	-0.1780	-0.1778	-0.1772	-0.1765	-0.1755	-0.1743	-0.1729	
0.4789	0.5167	0.5617	0.5889	0.5882	0.5791	0.5660	0.5383	0.5085	0.4776	0.4457	0.4128	0.3791	0.3445	0.3091	0.2729	0.2359	0.1982	0.1599	0.1212	0.0823	0.0435	0.0051	-0.0326	-0.0694	-0.1047	-0.1380	-0.1691	-0.1977	-0.2233	-0.2452	-0.2552	-0.2341	-0.2018	-0.1947	-0.1957	-0.1978	-0.2005	-0.2032	-0.2057	-0.2077	-0.2090	-0.2097	-0.2100	-0.2098	-0.2094	-0.2087	-0.2078	-0.2066	-0.2051	-0.2034	
0.5921	0.6476	0.6814	0.6727	0.6457	0.6314	0.6137	0.5802	0.5453	0.5092	0.4721	0.4339	0.3948	0.3546	0.3135	0.2715	0.2287	0.1852	0.1413	0.0971	0.0531	0.0096	-0.0331	-0.0749	-0.1151	-0.1532	-0.1887	-0.2215	-0.2514	-0.2773	-0.2979	-0.2869	-0.2467	-0.2275	-0.2280	-0.2300	-0.2328	-0.2358	-0.2388	-0.2412	-0.2429	-0.2439	-0.2444	-0.2445	-0.2443	-0.2437	-0.2428	-0.2416	-0.2402	-0.2384	-0.2364	
0.7299	0.7700	0.7588	0.7284	0.6942	0.6779	0.6579	0.6196	0.5799	0.5388	0.4964	0.4528	0.4079	0.3619	0.3149	0.2669	0.2181	0.1687	0.1191	0.0697	0.0208	-0.0274	-0.0745	-0.1202	-0.1635	-0.2041	-0.2418	-0.2765	-0.3073	-0.3336	-0.3457	-0.3082	-0.2651	-0.2627	-0.2643	-0.2671	-0.2704	-0.2738	-0.2767	-0.2789	-0.2804	-0.2813	-0.2817	-0.2816	-0.2812	-0.2805	-0.2794	-0.2780	-0.2763	-0.2742	-0.2718	
0.8587	0.8442	0.8119	0.7770	0.7394	0.7215	0.6995	0.6571	0.6126	0.5666	0.5188	0.4694	0.4187	0.3667	0.3135	0.2593	0.2045	0.1493	0.0942	0.0396	-0.0143	-0.0673	-0.1188	-0.1681	-0.2144	-0.2575	-0.2977	-0.3341	-0.3657	-0.3925	-0.3814	-0.3211	-0.3003	-0.3011	-0.3036	-0.3069	-0.3106	-0.3141	-0.3170	-0.3191	-0.3204	-0.3212	-0.3215	-0.3213	-0.3208	-0.3198	-0.3185	-0.3169	-0.3149	-0.3125	-0.3097	
0.9340	0.8985	0.8606	0.8220	0.7816	0.7623	0.7383	0.6925	0.6438	0.5925	0.5393	0.4842	0.4274	0.3691	0.3097	0.2493	0.1884	0.1275	0.0670	0.0070	-0.0521	-0.1099	-0.1658	-0.2185	-0.2677	-0.3137	-0.3565	-0.3945	-0.4273	-0.4514	-0.4075	-0.3437	-0.3407	-0.3424	-0.3455	-0.3493	-0.3533	-0.3569	-0.3597	-0.3617	-0.3630	-0.3637	-0.3638	-0.3636	-0.3629	-0.3617	-0.3602	-0.3583	-0.3560	-0.3533	-0.3501	
0.9949	0.9515	0.9082	0.8649	0.8211	0.8005	0.7750	0.7256	0.6729	0.6169	0.5581	0.4971	0.4341	0.3695	0.3038	0.2372	0.1704	0.1037	0.0374	-0.0281	-0.0925	-0.1553	-0.2152	-0.2713	-0.3237	-0.3729	-0.4182	-0.4577	-0.4922	-0.5031	-0.4251	-0.3835	-0.3839	-0.3863	-0.3899	-0.3942	-0.3985	-0.4022	-0.4049	-0.4068	-0.4080	-0.4087	-0.4088	-0.4084	-0.4075	-0.4062	-0.4045	-0.4023	-0.3996	-0.3965	-0.3929	
1.0555	1.0054	0.9559	0.9073	0.8589	0.8366	0.8093	0.7567	0.7001	0.6395	0.5753	0.5083	0.4391	0.3683	0.2962	0.2235	0.1506	0.0779	0.0057	-0.0656	-0.1355	-0.2031	-0.2670	-0.3265	-0.3825	-0.4352	-0.4829	-0.5242	-0.5605	-0.5417	-0.4420	-0.4285	-0.4297	-0.4327	-0.4370	-0.4417	-0.4461	-0.4498	-0.4526	-0.4545	-0.4557	-0.4563	-0.4563	-0.4557	-0.4547	-0.4532	-0.4512	-0.4488	-0.4458	-0.4422	-0.4381	
1.1166	1.0601	1.0045	0.9499	0.8962	0.8717	0.8421	0.7856	0.7252	0.6603	0.5910	0.5181	0.4428	0.3656	0.2872	0.2082	0.1290	0.0501	-0.0282	-0.1055	-0.1810	-0.2533	-0.3210	-0.3844	-0.4444	-0.5006	-0.5507	-0.5941	-0.6308	-0.5724	-0.4788	-0.4763	-0.4780	-0.4817	-0.4865	-0.4916	-0.4963	-0.5000	-0.5028	-0.5047	-0.5059	-0.5064	-0.5063	-0.5057	-0.5045	-0.5028	-0.5006	-0.4977	-0.4944	-0.4904	-0.4858	
1.1792	1.1158	1.0539	0.9933	0.9334	0.9064	0.8739	0.8128	0.7486	0.6795	0.6053	0.5268	0.4453	0.3617	0.2769	0.1914	0.1058	0.0204	-0.0643	-0.1478	-0.2288	-0.3057	-0.3775	-0.4451	-0.5094	-0.5692	-0.6217	-0.6677	-0.7002	-0.5955	-0.5269	-0.5266	-0.5290	-0.5333	-0.5386	-0.5440	-0.5489	-0.5527	-0.5555	-0.5574	-0.5586	-0.5591	-0.5589	-0.5581	-0.5568	-0.5549	-0.5524	-0.5492	-0.5454	-0.5410	-0.5358	
1.2423	1.1728	1.1042	1.0371	0.9710	0.9411	0.9054	0.8391	0.7703	0.6971	0.6184	0.5343	0.4467	0.3568	0.2654	0.1733	0.0809	-0.0113	-0.1026	-0.1923	-0.2788	-0.3603	-0.4365	-0.5088	-0.5777	-0.6410	-0.6961	-0.7448	-0.7624	-0.6132	-0.5791	-0.5794	-0.5824	-0.5874	-0.5932	-0.5990	-0.6040	-0.6079	-0.6108	-0.6128	-0.6139	-0.6143	-0.6141	-0.6132	-0.6117	-0.6095	-0.6067	-0.6032	-0.5990	-0.5940	-0.5883	
1.3058	1.2304	1.1553	1.0817	1.0091	0.9762	0.9370	0.8649	0.7910	0.7134	0.6303	0.5410	0.4473	0.3509	0.2528	0.1537	0.0542	-0.0450	-0.1431	-0.2392	-0.3311	-0.4173	-0.4982	-0.5756	-0.6493	-0.7160	-0.7738	-0.8256	-0.8109	-0.6457	-0.6339	-0.6347	-0.6384	-0.6440	-0.6503	-0.6564	-0.6616	-0.6656	-0.6686	-0.6706	-0.6718	-0.6721	-0.6718	-0.6708	-0.6691	-0.6667	-0.6636	-0.6597	-0.6550	-0.6495	-0.6432	
1.3668	1.2881	1.2072	1.1270	1.0477	1.0118	0.9689	0.8906	0.8109	0.7286	0.6410	0.5468	0.4471	0.3440	0.2389	0.1326	0.0258	-0.0806	-0.1857	-0.2881	-0.3854	-0.4766	-0.5627	-0.6456	-0.7241	-0.7942	-0.8549	-0.9096	-0.8503	-0.6958	-0.6911	-0.6925	-0.6969	-0.7031	-0.7099	-0.7163	-0.7217	-0.7259	-0.7289	-0.7310	-0.7321	-0.7325	-0.7321	-0.7309	-0.7291	-0.7264	-0.7229	-0.7186	-0.7135	-0.7074	-0.7004	
1.4239	1.3440	1.2593	1.1729	1.0870	1.0479	1.0012	0.9165	0.8305	0.7428	0.6507	0.5518	0.4460	0.3362	0.2238	0.1100	-0.0043	-0.1181	-0.2304	-0.3392	-0.4420	-0.5384	-0.6301	-0.7188	-0.8022	-0.8757	-0.9395	-0.9963	-0.8857	-0.7532	-0.7508	-0.7528	-0.7579	-0.7647	-0.7720	-0.7787	-0.7843	-0.7887	-0.7918	-0.7939	-0.7951	-0.7954	-0.7949	-0.7936	-0.7915	-0.7886	-0.7848	-0.7800	-0.7744	-0.7677	-0.7601	
1.4760	1.3965	1.3103	1.2194	1.1269	1.0846	1.0340	0.9424	0.8500	0.7566	0.6595	0.5559	0.4442	0.3273	0.2075	0.0860	-0.0361	-0.1576	-0.2771	-0.3923	-0.5007	-0.6027	-0.7006	-0.7953	-0.8835	-0.9604	-1.0276	-1.0845	-0.9126	-0.8146	-0.8129	-0.8156	-0.8214	-0.8288	-0.8365	-0.8437	-0.8495	-0.8540	-0.8572	-0.8594	-0.8606	-0.8609	-0.8603	-0.8589	-0.8566	-0.8533	-0.8491	-0.8439	-0.8377	-0.8304	-0.8221	
1.5213	1.4449	1.3585	1.2654	1.1672	1.1218	1.0672	0.9687	0.8696	0.7701	0.6676	0.5591	0.4415	0.3175	0.1899	0.0605	-0.0695	-0.1989	-0.3258	-0.4474	-0.5617	-0.6697	-0.7741	-0.8750	-0.9679	-1.0483	-1.1193	-1.1724	-0.9367	-0.8788	-0.8775	-0.8809	-0.8874	-0.8954	-0.9036	-0.9111	-0.9171	-0.9218	-0.9252	-0.9274	-0.9286	-0.9289	-0.9282	-0.9266	-0.9241	-0.9205	-0.9159	-0.9103	-0.9035	-0.8955	-0.8864	
1.5586	1.4878	1.4035	1.3095	1.2078	1.1594	1.1010	0.9953	0.8894	0.7834	0.6750	0.5614	0.4378	0.3066	0.1711	0.0335	-0.1047	-0.2421	-0.3764	-0.5045	-0.6250	-0.7395	-0.8507	-0.9580	-1.0554	-1.1394	-1.2147	-1.2564	-0.9753	-0.9454	-0.9446	-0.9487	-0.9559	-0.9645	-0.9732	-0.9810	-0.9873	-0.9922	-0.9957	-0.9980	-0.9992	-0.9995	-0.9987	-0.9969	-0.9941	-0.9902	-0.9852	-0.9791	-0.9717	-0.9630	-0.9532	
1.5887	1.5239	1.4442	1.3510	1.2477	1.1972	1.1352	1.0223	0.9095	0.7965	0.6819	0.5627	0.4333	0.2946	0.1511	0.0052	-0.1415	-0.2872	-0.4290	-0.5638	-0.6907	-0.8120	-0.9304	-1.0440	-1.1461	-1.2339	-1.3137	-1.3309	-1.0314	-1.0144	-1.0142	-1.0190	-1.0268	-1.0360	-1.0453	-1.0535	-1.0600	-1.0651	-1.0687	-1.0711	-1.0724	-1.0726	-1.0717	-1.0698	-1.0667	-1.0625	-1.0570	-1.0503	-1.0423	-1.0329	-1.0223	
1.6129	1.5534	1.4796	1.3895	1.2857	1.2342	1.1696	1.0497	0.9299	0.8096	0.6885	0.5632	0.4279	0.2817	0.1299	-0.0246	-0.1800	-0.3340	-0.4835	-0.6251	-0.7588	-0.8873	-1.0132	-1.1332	-1.2399	-1.3318	-1.4164	-1.3923	-1.0966	-1.0858	-1.0862	-1.0917	-1.1002	-1.1101	-1.1198	-1.1284	-1.1352	-1.1405	-1.1443	-1.1468	-1.1481	-1.1482	-1.1473	-1.1451	-1.1418	-1.1372	-1.1312	-1.1240	-1.1153	-1.1052	-1.0937	
1.6325	1.5773	1.5091	1.4241	1.3214	1.2695	1.2036	1.0775	0.9505	0.8227	0.6947	0.5627	0.4216	0.2678	0.1075	-0.0559	-0.2201	-0.3827	-0.5398	-0.6885	-0.8294	-0.9655	-1.0991	-1.2255	-1.3368	-1.4329	-1.5226	-1.4456	-1.1674	-1.1597	-1.1607	-1.1669	-1.1761	-1.1866	-1.1969	-1.2058	-1.2130	-1.2184	-1.2224	-1.2250	-1.2263	-1.2264	-1.2253	-1.2230	-1.2193	-1.2143	-1.2079	-1.2001	-1.1907	-1.1799	-1.1675	
1.6484	1.5970	1.5333	1.4541	1.3546	1.3027	1.2362	1.1055	0.9713	0.8357	0.7005	0.5614	0.4143	0.2528	0.0839	-0.0885	-0.2619	-0.4331	-0.5981	-0.7541	-0.9024	-1.0466	-1.1881	-1.3208	-1.4368	-1.5375	-1.6322	-1.4968	-1.2423	-1.2361	-1.2377	-1.2445	-1.2545	-1.2656	-1.2765	-1.2858	-1.2932	-1.2989	-1.3030	-1.3057	-1.3071	-1.3072	-1.3059	-1.3034	-1.2994	-1.2940	-1.2871	-1.2786	-1.2686	-1.2569	-1.2436	
1.6615	1.6132	1.5534	1.4792	1.3847	1.3335	1.2668	1.1336	0.9924	0.8487	0.7059	0.5593	0.4061	0.2369	0.0592	-0.1226	-0.3052	-0.4852	-0.6582	-0.8219	-0.9780	-1.1306	-1.2801	-1.4192	-1.5400	-1.6456	-1.7449	-1.5412	-1.3203	-1.3148	-1.3170	-1.3246	-1.3353	-1.3471	-1.3585	-1.3682	-1.3760	-1.3819	-1.3862	-1.3890	-1.3904	-1.3904	-1.3891	-1.3863	-1.3820	-1.3761	-1.3687	-1.3596	-1.3488	-1.3363	-1.3221	
1.6721	1.6266	1.5699	1.5001	1.4110	1.3615	1.2954	1.1609	1.0136	0.8617	0.7111	0.5565	0.3969	0.2200	0.0332	-0.1580	-0.3502	-0.5391	-0.7203	-0.8919	-1.0562	-1.2175	-1.3752	-1.5206	-1.6464	-1.7570	-1.8605	-1.5802	-1.4010	-1.3960	-1.3989	-1.4072	-1.4186	-1.4311	-1.4431	-1.4532	-1.4613	-1.4675	-1.4719	-1.4748	-1.4762	-1.4762	-1.4747	-1.4716	-1.4670	-1.4607	-1.4527	-1.4430	-1.4314	-1.4180	-1.4029	
1.6804	1.6379	1.5837	1.5177	1.4332	1.3860	1.3216	1.1870	1.0349	0.8746	0.7159	0.5532	0.3868	0.2021	0.0061	-0.1948	-0.3967	-0.5948	-0.7843	-0.9641	-1.1369	-1.3073	-1.4732	-1.6251	-1.7560	-1.8720	-1.9785	-1.6176	-1.4843	-1.4796	-1.4831	-1.4922	-1.5044	-1.5176	-1.5301	-1.5407	-1.5491	-1.5555	-1.5602	-1.5632	-1.5646	-1.5645	-1.5628	-1.5595	-1.5545	-1.5478	-1.5392	-1.5288	-1.5164	-1.5022	-1.4861	
1.6871	1.6472	1.5952	1.5325	1.4519	1.4068	1.3449	1.2113	1.0560	0.8875	0.7203	0.5494	0.3758	0.1833	-0.0222	-0.2331	-0.4448	-0.6521	-0.8503	-1.0385	-1.2203	-1.4000	-1.5742	-1.7325	-1.8687	-1.9904	-2.0986	-1.6654	-1.5700	-1.5657	-1.5698	-1.5797	-1.5926	-1.6065	-1.6196	-1.6306	-1.6394	-1.6461	-1.6510	-1.6540	-1.6555	-1.6553	-1.6535	-1.6499	-1.6446	-1.6373	-1.6282	-1.6170	-1.6039	-1.5887	-1.5715	
1.6924	1.6550	1.6050	1.5447	1.4680	1.4244	1.3650	1.2338	1.0767	0.9004	0.7245	0.5450	0.3638	0.1634	-0.0516	-0.2726	-0.4944	-0.7112	-0.9182	-1.1153	-1.3063	-1.4955	-1.6782	-1.8430	-1.9847	-2.1123	-2.2202	-1.7273	-1.6581	-1.6541	-1.6590	-1.6696	-1.6833	-1.6979	-1.7117	-1.7231	-1.7322	-1.7392	-1.7443	-1.7475	-1.7489	-1.7487	-1.7467	-1.7428	-1.7371	-1.7293	-1.7195	-1.7077	-1.6937	-1.6775	-1.6593	
1.6964	1.6613	1.6134	1.5549	1.4816	1.4394	1.3817	1.2542	1.0966	0.9131	0.7284	0.5401	0.3509	0.1427	-0.0822	-0.3136	-0.5456	-0.7721	-0.9881	-1.1943	-1.3949	-1.5940	-1.7852	-1.9566	-2.1039	-2.2378	-2.3426	-1.8002	-1.7486	-1.7450	-1.7505	-1.7619	-1.7765	-1.7919	-1.8062	-1.8181	-1.8276	-1.8349	-1.8401	-1.8434	-1.8449	-1.8446	-1.8424	-1.8382	-1.8320	-1.8238	-1.8134	-1.8007	-1.7859	-1.7687	-1.7495	
1.6995	1.6662	1.6207	1.5634	1.4931	1.4524	1.3959	1.2722	1.1150	0.9257	0.7320	0.5347	0.3371	0.1209	-0.1139	-0.3559	-0.5983	-0.8346	-1.0600	-1.2756	-1.4862	-1.6952	-1.8951	-2.0731	-2.2263	-2.3667	-2.4651	-1.8813	-1.8415	-1.8383	-1.8445	-1.8567	-1.8721	-1.8883	-1.9032	-1.9156	-1.9255	-1.9330	-1.9384	-1.9419	-1.9434	-1.9429	-1.9405	-1.9361	-1.9295	-1.9207	-1.9096	-1.8962	-1.8804	-1.8623	-1.8419	
1.7018	1.6699	1.6268	1.5706	1.5027	1.4633	1.4081	1.2876	1.1320	0.9381	0.7353	0.5289	0.3224	0.0982	-0.1467	-0.3995	-0.6526	-0.8989	-1.1339	-1.3593	-1.5802	-1.7993	-2.0079	-2.1927	-2.3520	-2.4991	-2.5862	-1.9686	-1.9368	-1.9340	-1.9409	-1.9540	-1.9702	-1.9871	-2.0027	-2.0156	-2.0259	-2.0337	-2.0393	-2.0428	-2.0444	-2.0438	-2.0412	-2.0364	-2.0294	-2.0201	-2.0083	-1.9941	-1.9774	-1.9582	-1.9367	
1.7037	1.6727	1.6319	1.5770	1.5104	1.4724	1.4185	1.3001	1.1474	0.9502	0.7384	0.5225	0.3069	0.0746	-0.1807	-0.4445	-0.7084	-0.9649	-1.2098	-1.4452	-1.6767	-1.9062	-2.1237	-2.3154	-2.4809	-2.6350	-2.7042	-2.0609	-2.0345	-2.0322	-2.0398	-2.0537	-2.0707	-2.0885	-2.1047	-2.1181	-2.1288	-2.1369	-2.1427	-2.1463	-2.1479	-2.1472	-2.1444	-2.1393	-2.1318	-2.1219	-2.1094	-2.0944	-2.0767	-2.0565	-2.0338	
1.7054	1.6746	1.6359	1.5825	1.5167	1.4798	1.4273	1.3103	1.1610	0.9617	0.7411	0.5157	0.2905	0.0500	-0.2158	-0.4908	-0.7658	-1.0327	-1.2877	-1.5335	-1.7760	-2.0160	-2.2424	-2.4411	-2.6131	-2.7743	-2.8161	-2.1574	-2.1346	-2.1327	-2.1411	-2.1558	-2.1738	-2.1923	-2.2092	-2.2231	-2.2342	-2.2426	-2.2487	-2.2524	-2.2539	-2.2532	-2.2501	-2.2446	-2.2367	-2.2261	-2.2130	-2.1971	-2.1784	-2.1571	-2.1332	
1.7069	1.6761	1.6390	1.5873	1.5218	1.4857	1.4346	1.3187	1.1726	0.9724	0.7436	0.5084	0.2734	0.0245	-0.2520	-0.5385	-0.8246	-1.1022	-1.3677	-1.6242	-1.8778	-2.1285	-2.3640	-2.5699	-2.7486	-2.9172	-2.9202	-2.2574	-2.2371	-2.2357	-2.2448	-2.2604	-2.2792	-2.2987	-2.3162	-2.3306	-2.3421	-2.3509	-2.3571	-2.3609	-2.3624	-2.3616	-2.3583	-2.3525	-2.3440	-2.3329	-2.3190	-2.3022	-2.2825	-2.2601	-2.2349	
1.7084	1.6773	1.6413	1.5914	1.5259	1.4903	1.4403	1.3256	1.1820	0.9820	0.7458	0.5006	0.2555	-0.0019	-0.2893	-0.5875	-0.8851	-1.1735	-1.4497	-1.7172	-1.9823	-2.2439	-2.4885	-2.7017	-2.8873	-3.0634	-3.0167	-2.3606	-2.3420	-2.3411	-2.3509	-2.3674	-2.3872	-2.4075	-2.4257	-2.4406	-2.4525	-2.4616	-2.4680	-2.4720	-2.4735	-2.4725	-2.4690	-2.4628	-2.4538	-2.4420	-2.4274	-2.4097	-2.3890	-2.3654	-2.3389	
1.7099	1.6783	1.6432	1.5947	1.5291	1.4938	1.4447	1.3313	1.1891	0.9905	0.7476	0.4924	0.2368	-0.0293	-0.3278	-0.6377	-0.9470	-1.2466	-1.5337	-1.8125	-2.0894	-2.3620	-2.6159	-2.8366	-3.0293	-3.2132	-3.1085	-2.4668	-2.4493	-2.4489	-2.4595	-2.4769	-2.4976	-2.5187	-2.5376	-2.5531	-2.5655	-2.5749	-2.5815	-2.5855	-2.5870	-2.5859	-2.5821	-2.5755	-2.5661	-2.5537	-2.5382	-2.5196	-2.4979	-2.4731	-2.4453	
1.7112	1.6792	1.6446	1.5974	1.5317	1.4963	1.4480	1.3359	1.1940	0.9976	0.7492	0.4837	0.2175	-0.0575	-0.3673	-0.6893	-1.0105	-1.3214	-1.6198	-1.9102	-2.1992	-2.4830	-2.7462	-2.9746	-3.1747	-3.3663	-3.1965	-2.5758	-2.5590	-2.5591	-2.5705	-2.5888	-2.6105	-2.6325	-2.6521	-2.6682	-2.6809	-2.6907	-2.6975	-2.7016	-2.7031	-2.7019	-2.6978	-2.6908	-2.6808	-2.6677	-2.6515	-2.6319	-2.6091	-2.5831	-2.5540	
1.7126	1.6799	1.6458	1.5997	1.5336	1.4980	1.4501	1.3393	1.1972	1.0034	0.7503	0.4745	0.1974	-0.0868	-0.4080	-0.7423	-1.0755	-1.3980	-1.7080	-2.0103	-2.3115	-2.6068	-2.8795	-3.1156	-3.3232	-3.5228	-3.2793	-2.6875	-2.6711	-2.6717	-2.6839	-2.7032	-2.7258	-2.7487	-2.7690	-2.7857	-2.7989	-2.8090	-2.8160	-2.8202	-2.8217	-2.8203	-2.8160	-2.8086	-2.7980	-2.7842	-2.7671	-2.7466	-2.7227	-2.6954	-2.6650	
1.7139	1.6806	1.6467	1.6016	1.5350	1.4989	1.4512	1.3418	1.1989	1.0076	0.7510	0.4649	0.1767	-0.1169	-0.4498	-0.7965	-1.1420	-1.4764	-1.7982	-2.1128	-2.4265	-2.7333	-3.0156	-3.2597	-3.4751	-3.6826	-3.3584	-2.8017	-2.7856	-2.7867	-2.7998	-2.8200	-2.8436	-2.8675	-2.8885	-2.9057	-2.9194	-2.9298	-2.9370	-2.9414	-2.9428	-2.9412	-2.9366	-2.9288	-2.9177	-2.9032	-2.8853	-2.8637	-2.8386	-2.8101	-2.7782	
1.7152	1.6812	1.6474	1.6032	1.5360	1.4992	1.4515	1.3434	1.1995	1.0101	0.7512	0.4548	0.1552	-0.1479	-0.4926	-0.8520	-1.2101	-1.5566	-1.8905	-2.2176	-2.5440	-2.8626	-3.1547	-3.4069	-3.6303	-3.8458	-3.4339	-2.9184	-2.9025	-2.9041	-2.9180	-2.9392	-2.9639	-2.9886	-3.0104	-3.0282	-3.0424	-3.0531	-3.0606	-3.0650	-3.0664	-3.0647	-3.0597	-3.0515	-3.0398	-3.0246	-3.0058	-2.9832	-2.9570	-2.9271	-2.8938	
1.7164	1.6817	1.6478	1.6045	1.5368	1.4990	1.4510	1.3440	1.1992	1.0109	0.7506	0.4443	0.1331	-0.1799	-0.5366	-0.9089	-1.2797	-1.6385	-1.9848	-2.3248	-2.6642	-2.9948	-3.2967	-3.5572	-3.7887	-4.0122	-3.5075	-3.0376	-3.0218	-3.0240	-3.0387	-3.0609	-3.0866	-3.1123	-3.1348	-3.1532	-3.1678	-3.1789	-3.1866	-3.1911	-3.1925	-3.1906	-3.1854	-3.1767	-3.1644	-3.1485	-3.1287	-3.1051	-3.0777	-3.0465	-3.0118	
1.7177	1.6823	1.6482	1.6055	1.5374	1.4986	1.4497	1.3437	1.1980	1.0098	0.7493	0.4332	0.1103	-0.2128	-0.5816	-0.9671	-1.3509	-1.7223	-2.0813	-2.4343	-2.7870	-3.1297	-3.4416	-3.7106	-3.9504	-4.1819	-3.5838	-3.1593	-3.1435	-3.1462	-3.1618	-3.1851	-3.2118	-3.2385	-3.2617	-3.2807	-3.2958	-3.3072	-3.3151	-3.3197	-3.3211	-3.3190	-3.3135	-3.3043	-3.2914	-3.2747	-3.2541	-3.2294	-3.2008	-3.1682	-3.1320	
1.7189	1.6827	1.6483	1.6062	1.5379	1.4980	1.4480	1.3426	1.1961	1.0069	0.7470	0.4217	0.0869	-0.2466	-0.6277	-1.0265	-1.4235	-1.8078	-2.1798	-2.5463	-2.9123	-3.2673	-3.5894	-3.8671	-4.1154	-4.3548	-3.6652	-3.2834	-3.2676	-3.2709	-3.2874	-3.3117	-3.3395	-3.3671	-3.3911	-3.4108	-3.4263	-3.4381	-3.4462	-3.4509	-3.4522	-3.4499	-3.4441	-3.4345	-3.4210	-3.4035	-3.3819	-3.3561	-3.3262	-3.2923	-3.2545	
1.7200	1.6832	1.6483	1.6068	1.5382	1.4972	1.4459	1.3406	1.1935	1.0024	0.7437	0.4098	0.0627	-0.2813	-0.6749	-1.0873	-1.4978	-1.8952	-2.2804	-2.6606	-3.0403	-3.4078	-3.7401	-4.0267	-4.2837	-4.5308	-3.7523	-3.4098	-3.3941	-3.3979	-3.4153	-3.4407	-3.4696	-3.4982	-3.5230	-3.5433	-3.5593	-3.5714	-3.5798	-3.5845	-3.5858	-3.5834	-3.5772	-3.5671	-3.5529	-3.5346	-3.5121	-3.4852	-3.4540	-3.4187	-3.3793	


# Torque coefficient

-0.0052	-0.0043	-0.0034	-0.0025	-0.0014	-0.0010	-0.0004	0.0008	0.0021	0.0035	0.0050	0.0066	0.0082	0.0099	0.0115	0.0131	0.0147	0.0163	0.0180	0.0197	0.0212	0.0227	0.0240	0.0250	0.0259	0.0266	0.0270	0.0272	0.0272	0.0269	0.0266	0.0259	0.0250	0.0237	0.0222	0.0205	0.0185	0.0165	0.0142	0.0119	0.0095	0.0070	0.0044	0.0017	-0.0011	-0.0038	-0.0063	-0.0086	-0.0106	-0.0122	-0.0136	
-0.0064	-0.0049	-0.0032	-0.0013	0.0006	0.0016	0.0028	0.0050	0.0073	0.0096	0.0118	0.0138	0.0158	0.0179	0.0200	0.0222	0.0243	0.0262	0.0278	0.0290	0.0300	0.0307	0.0311	0.0312	0.0309	0.0305	0.0296	0.0284	0.0269	0.0252	0.0231	0.0208	0.0184	0.0159	0.0132	0.0105	0.0076	0.0047	0.0017	-0.0015	-0.0046	-0.0077	-0.0106	-0.0132	-0.0153	-0.0169	-0.0183	-0.0195	-0.0207	-0.0221	-0.0236	
-0.0056	-0.0029	-0.0000	0.0030	0.0061	0.0075	0.0091	0.0119	0.0145	0.0170	0.0194	0.0221	0.0249	0.0276	0.0300	0.0320	0.0336	0.0347	0.0354	0.0358	0.0356	0.0351	0.0341	0.0325	0.0308	0.0286	0.0263	0.0237	0.0209	0.0181	0.0151	0.0120	0.0088	0.0055	0.0021	-0.0014	-0.0050	-0.0086	-0.0121	-0.0154	-0.0183	-0.0205	-0.0222	-0.0235	-0.0248	-0.0263	-0.0280	-0.0300	-0.0320	-0.0342	-0.0363	
-0.0021	0.0019	0.0058	0.0096	0.0131	0.0145	0.0161	0.0189	0.0219	0.0252	0.0287	0.0320	0.0350	0.0373	0.0389	0.0401	0.0407	0.0407	0.0398	0.0384	0.0366	0.0342	0.0318	0.0290	0.0261	0.0231	0.0199	0.0165	0.0131	0.0094	0.0057	0.0019	-0.0020	-0.0060	-0.0100	-0.0140	-0.0179	-0.0215	-0.0245	-0.0267	-0.0283	-0.0296	-0.0312	-0.0332	-0.0355	-0.0380	-0.0406	-0.0433	-0.0461	-0.0488	-0.0515	
0.0035	0.0082	0.0125	0.0162	0.0194	0.0208	0.0227	0.0266	0.0308	0.0352	0.0391	0.0420	0.0441	0.0455	0.0459	0.0453	0.0436	0.0416	0.0393	0.0365	0.0336	0.0305	0.0272	0.0237	0.0201	0.0163	0.0124	0.0084	0.0042	-0.0001	-0.0044	-0.0089	-0.0133	-0.0177	-0.0221	-0.0261	-0.0297	-0.0323	-0.0341	-0.0355	-0.0374	-0.0398	-0.0426	-0.0456	-0.0489	-0.0522	-0.0556	-0.0591	-0.0624	-0.0658	-0.0690	
0.0098	0.0145	0.0184	0.0217	0.0258	0.0280	0.0308	0.0363	0.0417	0.0458	0.0488	0.0507	0.0507	0.0495	0.0477	0.0454	0.0426	0.0396	0.0364	0.0330	0.0295	0.0257	0.0217	0.0176	0.0133	0.0089	0.0043	-0.0003	-0.0051	-0.0100	-0.0149	-0.0197	-0.0245	-0.0291	-0.0334	-0.0370	-0.0395	-0.0413	-0.0432	-0.0458	-0.0490	-0.0525	-0.0564	-0.0605	-0.0646	-0.0688	-0.0729	-0.0770	-0.0811	-0.0850	-0.0887	
0.0153	0.0193	0.0231	0.0283	0.0344	0.0374	0.0414	0.0479	0.0521	0.0550	0.0553	0.0541	0.0520	0.0495	0.0466	0.0435	0.0402	0.0367	0.0329	0.0289	0.0247	0.0203	0.0157	0.0110	0.0061	0.0011	-0.0041	-0.0093	-0.0147	-0.0200	-0.0252	-0.0304	-0.0354	-0.0399	-0.0438	-0.0466	-0.0487	-0.0511	-0.0544	-0.0584	-0.0628	-0.0675	-0.0724	-0.0774	-0.0824	-0.0875	-0.0924	-0.0972	-0.1018	-0.1062	-0.1104	
0.0193	0.0236	0.0297	0.0368	0.0464	0.0500	0.0533	0.0576	0.0592	0.0585	0.0566	0.0540	0.0512	0.0481	0.0447	0.0411	0.0373	0.0332	0.0289	0.0243	0.0196	0.0146	0.0095	0.0041	-0.0013	-0.0069	-0.0126	-0.0184	-0.0242	-0.0299	-0.0354	-0.0409	-0.0458	-0.0503	-0.0537	-0.0563	-0.0591	-0.0631	-0.0678	-0.0731	-0.0787	-0.0845	-0.0904	-0.0964	-0.1024	-0.1082	-0.1139	-0.1193	-0.1245	-0.1294	-0.1341	
0.0228	0.0296	0.0381	0.0501	0.0572	0.0599	0.0618	0.0620	0.0607	0.0584	0.0558	0.0528	0.0496	0.0461	0.0423	0.0383	0.0340	0.0294	0.0246	0.0195	0.0142	0.0087	0.0030	-0.0028	-0.0089	-0.0150	-0.0213	-0.0275	-0.0336	-0.0396	-0.0456	-0.0510	-0.0563	-0.0607	-0.0640	-0.0671	-0.0717	-0.0771	-0.0831	-0.0896	-0.0964	-0.1034	-0.1104	-0.1174	-0.1243	-0.1309	-0.1372	-0.1433	-0.1491	-0.1546	-0.1599	
0.0279	0.0384	0.0514	0.0604	0.0640	0.0640	0.0636	0.0620	0.0598	0.0573	0.0544	0.0512	0.0477	0.0438	0.0397	0.0352	0.0305	0.0254	0.0201	0.0146	0.0088	0.0027	-0.0035	-0.0099	-0.0166	-0.0233	-0.0300	-0.0366	-0.0431	-0.0495	-0.0557	-0.0614	-0.0672	-0.0717	-0.0750	-0.0799	-0.0859	-0.0928	-0.1002	-0.1080	-0.1161	-0.1242	-0.1324	-0.1403	-0.1480	-0.1554	-0.1625	-0.1692	-0.1757	-0.1818	-0.1877	
0.0355	0.0502	0.0609	0.0639	0.0637	0.0632	0.0625	0.0607	0.0584	0.0558	0.0527	0.0493	0.0455	0.0414	0.0369	0.0321	0.0269	0.0214	0.0156	0.0096	0.0032	-0.0033	-0.0101	-0.0172	-0.0243	-0.0316	-0.0387	-0.0457	-0.0526	-0.0595	-0.0657	-0.0727	-0.0790	-0.0829	-0.0878	-0.0943	-0.1018	-0.1101	-0.1190	-0.1282	-0.1375	-0.1469	-0.1561	-0.1650	-0.1736	-0.1818	-0.1897	-0.1971	-0.2042	-0.2110	-0.2176	
0.0453	0.0575	0.0613	0.0619	0.0616	0.0612	0.0605	0.0588	0.0566	0.0540	0.0508	0.0473	0.0433	0.0388	0.0340	0.0288	0.0232	0.0173	0.0111	0.0045	-0.0023	-0.0095	-0.0169	-0.0245	-0.0322	-0.0399	-0.0475	-0.0549	-0.0624	-0.0697	-0.0764	-0.0849	-0.0910	-0.0954	-0.1021	-0.1102	-0.1193	-0.1291	-0.1395	-0.1501	-0.1608	-0.1713	-0.1816	-0.1915	-0.2010	-0.2101	-0.2187	-0.2269	-0.2347	-0.2423	-0.2496	
0.0511	0.0556	0.0574	0.0584	0.0586	0.0584	0.0580	0.0566	0.0546	0.0520	0.0488	0.0451	0.0409	0.0363	0.0311	0.0255	0.0196	0.0132	0.0065	-0.0006	-0.0080	-0.0157	-0.0238	-0.0320	-0.0402	-0.0483	-0.0563	-0.0643	-0.0725	-0.0798	-0.0887	-0.0983	-0.1030	-0.1094	-0.1178	-0.1275	-0.1383	-0.1497	-0.1616	-0.1737	-0.1857	-0.1975	-0.2089	-0.2198	-0.2302	-0.2401	-0.2496	-0.2586	-0.2672	-0.2756	-0.2837	
0.0481	0.0506	0.0526	0.0541	0.0549	0.0550	0.0549	0.0541	0.0523	0.0498	0.0467	0.0429	0.0385	0.0336	0.0282	0.0222	0.0159	0.0091	0.0019	-0.0057	-0.0137	-0.0221	-0.0308	-0.0395	-0.0483	-0.0569	-0.0654	-0.0741	-0.0829	-0.0905	-0.1022	-0.1113	-0.1164	-0.1247	-0.1349	-0.1464	-0.1588	-0.1720	-0.1855	-0.1990	-0.2123	-0.2253	-0.2378	-0.2498	-0.2612	-0.2720	-0.2823	-0.2922	-0.3017	-0.3109	-0.3199	
0.0431	0.0454	0.0476	0.0494	0.0509	0.0513	0.0515	0.0512	0.0499	0.0476	0.0445	0.0406	0.0361	0.0309	0.0252	0.0189	0.0122	0.0049	-0.0028	-0.0110	-0.0196	-0.0287	-0.0379	-0.0472	-0.0565	-0.0657	-0.0747	-0.0843	-0.0935	-0.1026	-0.1171	-0.1239	-0.1312	-0.1414	-0.1534	-0.1666	-0.1809	-0.1958	-0.2109	-0.2259	-0.2406	-0.2548	-0.2685	-0.2815	-0.2939	-0.3057	-0.3169	-0.3277	-0.3381	-0.3483	-0.3582	
0.0379	0.0404	0.0427	0.0448	0.0466	0.0472	0.0478	0.0481	0.0472	0.0452	0.0422	0.0383	0.0337	0.0283	0.0223	0.0157	0.0085	0.0008	-0.0075	-0.0164	-0.0257	-0.0354	-0.0452	-0.0550	-0.0649	-0.0746	-0.0845	-0.0950	-0.1043	-0.1169	-0.1324	-0.1377	-0.1473	-0.1594	-0.1731	-0.1883	-0.2044	-0.2211	-0.2379	-0.2544	-0.2704	-0.2860	-0.3008	-0.3150	-0.3284	-0.3412	-0.3534	-0.3652	-0.3766	-0.3877	-0.3986	
0.0327	0.0355	0.0380	0.0403	0.0424	0.0432	0.0439	0.0447	0.0444	0.0427	0.0399	0.0360	0.0312	0.0256	0.0193	0.0124	0.0048	-0.0035	-0.0124	-0.0219	-0.0319	-0.0422	-0.0526	-0.0630	-0.0735	-0.0839	-0.0946	-0.1061	-0.1155	-0.1324	-0.1461	-0.1528	-0.1645	-0.1785	-0.1943	-0.2114	-0.2295	-0.2480	-0.2663	-0.2844	-0.3019	-0.3188	-0.3349	-0.3502	-0.3647	-0.3785	-0.3918	-0.4046	-0.4170	-0.4291	-0.4411	
0.0277	0.0307	0.0335	0.0361	0.0383	0.0392	0.0401	0.0412	0.0413	0.0401	0.0375	0.0337	0.0288	0.0230	0.0164	0.0091	0.0010	-0.0078	-0.0174	-0.0276	-0.0382	-0.0492	-0.0601	-0.0712	-0.0824	-0.0934	-0.1053	-0.1175	-0.1275	-0.1493	-0.1598	-0.1692	-0.1830	-0.1989	-0.2167	-0.2359	-0.2560	-0.2763	-0.2963	-0.3159	-0.3349	-0.3532	-0.3706	-0.3871	-0.4027	-0.4177	-0.4320	-0.4458	-0.4593	-0.4726	-0.4856	
0.0226	0.0260	0.0291	0.0319	0.0343	0.0353	0.0364	0.0378	0.0382	0.0374	0.0351	0.0313	0.0263	0.0203	0.0135	0.0057	-0.0028	-0.0123	-0.0225	-0.0334	-0.0447	-0.0562	-0.0679	-0.0797	-0.0916	-0.1034	-0.1165	-0.1291	-0.1412	-0.1672	-0.1747	-0.1868	-0.2025	-0.2205	-0.2404	-0.2618	-0.2839	-0.3060	-0.3278	-0.3491	-0.3696	-0.3893	-0.4080	-0.4257	-0.4425	-0.4586	-0.4741	-0.4891	-0.5037	-0.5180	-0.5323	
0.0178	0.0214	0.0248	0.0279	0.0305	0.0316	0.0327	0.0343	0.0351	0.0346	0.0326	0.0289	0.0239	0.0177	0.0105	0.0023	-0.0068	-0.0169	-0.0278	-0.0393	-0.0513	-0.0635	-0.0758	-0.0884	-0.1010	-0.1137	-0.1281	-0.1410	-0.1574	-0.1837	-0.1909	-0.2054	-0.2232	-0.2433	-0.2655	-0.2890	-0.3132	-0.3372	-0.3608	-0.3837	-0.4058	-0.4270	-0.4470	-0.4660	-0.4841	-0.5014	-0.5180	-0.5342	-0.5500	-0.5656	-0.5810	
0.0131	0.0169	0.0205	0.0239	0.0269	0.0280	0.0292	0.0310	0.0319	0.0317	0.0300	0.0265	0.0214	0.0150	0.0075	-0.0011	-0.0108	-0.0216	-0.0332	-0.0454	-0.0581	-0.0709	-0.0839	-0.0974	-0.1107	-0.1245	-0.1401	-0.1531	-0.1753	-0.1989	-0.2083	-0.2250	-0.2449	-0.2673	-0.2918	-0.3176	-0.3438	-0.3698	-0.3952	-0.4199	-0.4436	-0.4663	-0.4877	-0.5080	-0.5274	-0.5460	-0.5638	-0.5812	-0.5983	-0.6151	-0.6318	
0.0088	0.0126	0.0164	0.0200	0.0232	0.0245	0.0258	0.0278	0.0288	0.0288	0.0274	0.0240	0.0189	0.0123	0.0045	-0.0047	-0.0150	-0.0264	-0.0387	-0.0517	-0.0649	-0.0785	-0.0924	-0.1066	-0.1208	-0.1358	-0.1526	-0.1656	-0.1942	-0.2144	-0.2267	-0.2457	-0.2678	-0.2926	-0.3194	-0.3475	-0.3759	-0.4038	-0.4311	-0.4576	-0.4830	-0.5072	-0.5301	-0.5518	-0.5725	-0.5923	-0.6115	-0.6302	-0.6485	-0.6667	-0.6847	
0.0048	0.0085	0.0124	0.0162	0.0197	0.0210	0.0225	0.0246	0.0258	0.0260	0.0247	0.0216	0.0164	0.0096	0.0014	-0.0083	-0.0192	-0.0313	-0.0444	-0.0580	-0.0720	-0.0863	-0.1010	-0.1162	-0.1312	-0.1476	-0.1654	-0.1785	-0.2148	-0.2309	-0.2462	-0.2673	-0.2918	-0.3190	-0.3483	-0.3787	-0.4093	-0.4393	-0.4685	-0.4968	-0.5239	-0.5497	-0.5741	-0.5972	-0.6193	-0.6405	-0.6610	-0.6811	-0.7007	-0.7202	-0.7397	
0.0014	0.0049	0.0086	0.0125	0.0162	0.0176	0.0192	0.0215	0.0228	0.0231	0.0220	0.0190	0.0139	0.0069	-0.0018	-0.0120	-0.0236	-0.0364	-0.0502	-0.0645	-0.0792	-0.0943	-0.1100	-0.1260	-0.1419	-0.1599	-0.1785	-0.1921	-0.2365	-0.2484	-0.2666	-0.2899	-0.3168	-0.3466	-0.3784	-0.4112	-0.4440	-0.4761	-0.5073	-0.5375	-0.5664	-0.5938	-0.6197	-0.6443	-0.6679	-0.6905	-0.7124	-0.7338	-0.7549	-0.7758	-0.7967	
-0.0014	0.0016	0.0052	0.0090	0.0127	0.0143	0.0159	0.0184	0.0199	0.0203	0.0192	0.0165	0.0113	0.0040	-0.0051	-0.0158	-0.0281	-0.0416	-0.0561	-0.0711	-0.0866	-0.1026	-0.1192	-0.1361	-0.1530	-0.1726	-0.1918	-0.2070	-0.2567	-0.2671	-0.2879	-0.3136	-0.3430	-0.3753	-0.4098	-0.4450	-0.4800	-0.5143	-0.5476	-0.5797	-0.6104	-0.6395	-0.6670	-0.6932	-0.7182	-0.7423	-0.7657	-0.7885	-0.8111	-0.8334	-0.8557	
-0.0038	-0.0012	0.0020	0.0056	0.0094	0.0110	0.0127	0.0154	0.0170	0.0174	0.0165	0.0138	0.0087	0.0012	-0.0084	-0.0198	-0.0327	-0.0469	-0.0621	-0.0779	-0.0942	-0.1111	-0.1287	-0.1465	-0.1645	-0.1858	-0.2053	-0.2242	-0.2753	-0.2867	-0.3101	-0.3382	-0.3702	-0.4053	-0.4424	-0.4801	-0.5174	-0.5539	-0.5894	-0.6235	-0.6560	-0.6868	-0.7160	-0.7437	-0.7703	-0.7959	-0.8208	-0.8451	-0.8692	-0.8931	-0.9169	
-0.0057	-0.0036	-0.0009	0.0025	0.0062	0.0077	0.0096	0.0124	0.0141	0.0147	0.0138	0.0112	0.0060	-0.0018	-0.0118	-0.0238	-0.0374	-0.0524	-0.0683	-0.0849	-0.1020	-0.1198	-0.1385	-0.1572	-0.1765	-0.1994	-0.2191	-0.2442	-0.2935	-0.3073	-0.3332	-0.3639	-0.3986	-0.4364	-0.4762	-0.5164	-0.5562	-0.5950	-0.6325	-0.6687	-0.7031	-0.7357	-0.7666	-0.7960	-0.8242	-0.8513	-0.8777	-0.9036	-0.9292	-0.9547	-0.9800	
-0.0074	-0.0056	-0.0033	-0.0003	0.0031	0.0047	0.0064	0.0094	0.0113	0.0119	0.0111	0.0085	0.0033	-0.0048	-0.0153	-0.0279	-0.0422	-0.0579	-0.0746	-0.0920	-0.1100	-0.1288	-0.1485	-0.1682	-0.1889	-0.2133	-0.2330	-0.2661	-0.3120	-0.3289	-0.3571	-0.3905	-0.4280	-0.4687	-0.5112	-0.5540	-0.5962	-0.6374	-0.6772	-0.7154	-0.7518	-0.7862	-0.8188	-0.8499	-0.8797	-0.9085	-0.9366	-0.9640	-0.9912	-1.0183	-1.0453	
-0.0088	-0.0073	-0.0054	-0.0029	0.0003	0.0017	0.0035	0.0064	0.0085	0.0091	0.0084	0.0057	0.0005	-0.0079	-0.0189	-0.0321	-0.0472	-0.0636	-0.0811	-0.0993	-0.1182	-0.1381	-0.1588	-0.1795	-0.2017	-0.2276	-0.2472	-0.2891	-0.3312	-0.3512	-0.3820	-0.4181	-0.4584	-0.5021	-0.5474	-0.5929	-0.6376	-0.6811	-0.7232	-0.7636	-0.8020	-0.8383	-0.8727	-0.9056	-0.9371	-0.9676	-0.9972	-1.0263	-1.0552	-1.0840	-1.1126	
-0.0100	-0.0088	-0.0072	-0.0051	-0.0024	-0.0010	0.0006	0.0035	0.0057	0.0064	0.0057	0.0029	-0.0023	-0.0110	-0.0226	-0.0364	-0.0522	-0.0694	-0.0877	-0.1067	-0.1266	-0.1476	-0.1694	-0.1912	-0.2150	-0.2423	-0.2616	-0.3139	-0.3511	-0.3744	-0.4078	-0.4467	-0.4900	-0.5366	-0.5848	-0.6330	-0.6803	-0.7263	-0.7707	-0.8133	-0.8538	-0.8920	-0.9283	-0.9629	-0.9962	-1.0284	-1.0597	-1.0906	-1.1211	-1.1516	-1.1819	
-0.0111	-0.0101	-0.0088	-0.0070	-0.0048	-0.0036	-0.0021	0.0006	0.0029	0.0037	0.0029	0.0001	-0.0052	-0.0143	-0.0263	-0.0409	-0.0574	-0.0754	-0.0945	-0.1144	-0.1353	-0.1574	-0.1803	-0.2031	-0.2288	-0.2572	-0.2764	-0.3404	-0.3719	-0.3985	-0.4345	-0.4762	-0.5226	-0.5723	-0.6234	-0.6744	-0.7243	-0.7728	-0.8197	-0.8645	-0.9071	-0.9473	-0.9855	-1.0220	-1.0570	-1.0910	-1.1241	-1.1567	-1.1890	-1.2212	-1.2532	
-0.0121	-0.0113	-0.0102	-0.0088	-0.0069	-0.0060	-0.0047	-0.0022	0.0001	0.0009	0.0002	-0.0028	-0.0082	-0.0176	-0.0302	-0.0454	-0.0626	-0.0815	-0.1014	-0.1222	-0.1441	-0.1674	-0.1915	-0.2154	-0.2429	-0.2725	-0.2916	-0.3678	-0.3936	-0.4233	-0.4621	-0.5068	-0.5563	-0.6091	-0.6632	-0.7170	-0.7696	-0.8207	-0.8700	-0.9172	-0.9619	-1.0042	-1.0444	-1.0827	-1.1196	-1.1554	-1.1903	-1.2247	-1.2588	-1.2929	-1.3266	
-0.0130	-0.0124	-0.0115	-0.0104	-0.0089	-0.0081	-0.0071	-0.0049	-0.0027	-0.0018	-0.0026	-0.0057	-0.0113	-0.0210	-0.0341	-0.0500	-0.0680	-0.0877	-0.1085	-0.1302	-0.1532	-0.1777	-0.2029	-0.2281	-0.2575	-0.2880	-0.3074	-0.3945	-0.4161	-0.4489	-0.4906	-0.5383	-0.5910	-0.6470	-0.7042	-0.7608	-0.8162	-0.8700	-0.9218	-0.9714	-1.0183	-1.0627	-1.1049	-1.1452	-1.1840	-1.2216	-1.2584	-1.2946	-1.3306	-1.3665	-1.4021	
-0.0138	-0.0135	-0.0128	-0.0118	-0.0107	-0.0101	-0.0093	-0.0074	-0.0055	-0.0045	-0.0053	-0.0086	-0.0144	-0.0244	-0.0381	-0.0547	-0.0735	-0.0940	-0.1157	-0.1385	-0.1626	-0.1882	-0.2146	-0.2411	-0.2724	-0.3038	-0.3237	-0.4199	-0.4395	-0.4754	-0.5199	-0.5708	-0.6268	-0.6860	-0.7463	-0.8059	-0.8642	-0.9207	-0.9751	-1.0270	-1.0762	-1.1227	-1.1670	-1.2093	-1.2501	-1.2896	-1.3283	-1.3664	-1.4043	-1.4421	-1.4796	
-0.0145	-0.0144	-0.0139	-0.0132	-0.0123	-0.0119	-0.0113	-0.0099	-0.0082	-0.0073	-0.0081	-0.0115	-0.0176	-0.0280	-0.0423	-0.0595	-0.0791	-0.1005	-0.1231	-0.1469	-0.1722	-0.1991	-0.2267	-0.2544	-0.2877	-0.3199	-0.3408	-0.4443	-0.4638	-0.5026	-0.5501	-0.6043	-0.6636	-0.7262	-0.7896	-0.8523	-0.9134	-0.9727	-1.0297	-1.0842	-1.1357	-1.1844	-1.2308	-1.2752	-1.3179	-1.3594	-1.4001	-1.4401	-1.4800	-1.5197	-1.5591	
-0.0152	-0.0152	-0.0150	-0.0144	-0.0139	-0.0136	-0.0132	-0.0122	-0.0109	-0.0101	-0.0110	-0.0145	-0.0209	-0.0316	-0.0464	-0.0644	-0.0849	-0.1071	-0.1306	-0.1555	-0.1820	-0.2101	-0.2389	-0.2682	-0.3034	-0.3363	-0.3588	-0.4682	-0.4888	-0.5307	-0.5813	-0.6387	-0.7015	-0.7674	-0.8341	-0.8999	-0.9640	-1.0261	-1.0858	-1.1428	-1.1967	-1.2477	-1.2962	-1.3427	-1.3875	-1.4310	-1.4737	-1.5157	-1.5576	-1.5993	-1.6407	
-0.0158	-0.0160	-0.0160	-0.0156	-0.0153	-0.0152	-0.0149	-0.0144	-0.0135	-0.0129	-0.0138	-0.0176	-0.0242	-0.0353	-0.0507	-0.0695	-0.0907	-0.1138	-0.1383	-0.1643	-0.1920	-0.2215	-0.2515	-0.2823	-0.3194	-0.3530	-0.3779	-0.4921	-0.5146	-0.5595	-0.6132	-0.6741	-0.7404	-0.8098	-0.8798	-0.9487	-1.0159	-1.0809	-1.1434	-1.2029	-1.2592	-1.3126	-1.3633	-1.4120	-1.4589	-1.5045	-1.5491	-1.5932	-1.6372	-1.6809	-1.7242	
-0.0164	-0.0168	-0.0170	-0.0167	-0.0166	-0.0167	-0.0166	-0.0165	-0.0160	-0.0157	-0.0167	-0.0206	-0.0276	-0.0390	-0.0551	-0.0746	-0.0967	-0.1207	-0.1462	-0.1733	-0.2023	-0.2331	-0.2644	-0.2968	-0.3358	-0.3700	-0.3985	-0.5162	-0.5412	-0.5891	-0.6461	-0.7104	-0.7803	-0.8532	-0.9266	-0.9987	-1.0690	-1.1370	-1.2023	-1.2645	-1.3233	-1.3790	-1.4321	-1.4829	-1.5320	-1.5797	-1.6264	-1.6726	-1.7187	-1.7645	-1.8099	
-0.0170	-0.0175	-0.0179	-0.0178	-0.0179	-0.0181	-0.0182	-0.0184	-0.0184	-0.0185	-0.0196	-0.0237	-0.0311	-0.0429	-0.0596	-0.0798	-0.1028	-0.1277	-0.1543	-0.1825	-0.2128	-0.2449	-0.2775	-0.3116	-0.3526	-0.3873	-0.4209	-0.5406	-0.5686	-0.6196	-0.6799	-0.7477	-0.8213	-0.8978	-0.9746	-1.0500	-1.1235	-1.1945	-1.2627	-1.3276	-1.3889	-1.4471	-1.5025	-1.5555	-1.6068	-1.6566	-1.7056	-1.7539	-1.8021	-1.8501	-1.8975	
-0.0176	-0.0181	-0.0187	-0.0189	-0.0191	-0.0194	-0.0198	-0.0202	-0.0208	-0.0213	-0.0226	-0.0269	-0.0347	-0.0468	-0.0641	-0.0852	-0.1090	-0.1349	-0.1625	-0.1919	-0.2235	-0.2571	-0.2910	-0.3268	-0.3696	-0.4049	-0.4455	-0.5654	-0.5967	-0.6508	-0.7145	-0.7860	-0.8633	-0.9435	-1.0238	-1.1026	-1.1793	-1.2534	-1.3245	-1.3921	-1.4561	-1.5167	-1.5745	-1.6299	-1.6834	-1.7354	-1.7865	-1.8371	-1.8875	-1.9376	-1.9872	
-0.0182	-0.0188	-0.0196	-0.0199	-0.0203	-0.0207	-0.0212	-0.0220	-0.0230	-0.0240	-0.0255	-0.0301	-0.0383	-0.0508	-0.0688	-0.0906	-0.1153	-0.1422	-0.1709	-0.2016	-0.2345	-0.2694	-0.3047	-0.3424	-0.3870	-0.4229	-0.4723	-0.5908	-0.6255	-0.6828	-0.7500	-0.8252	-0.9063	-0.9902	-1.0741	-1.1563	-1.2364	-1.3136	-1.3877	-1.4582	-1.5248	-1.5880	-1.6482	-1.7059	-1.7617	-1.8160	-1.8694	-1.9222	-1.9748	-2.0271	-2.0789	
-0.0188	-0.0195	-0.0204	-0.0209	-0.0214	-0.0219	-0.0226	-0.0238	-0.0252	-0.0267	-0.0286	-0.0334	-0.0419	-0.0549	-0.0735	-0.0962	-0.1218	-0.1497	-0.1795	-0.2114	-0.2457	-0.2821	-0.3188	-0.3584	-0.4048	-0.4411	-0.5009	-0.6168	-0.6551	-0.7156	-0.7863	-0.8654	-0.9504	-1.0381	-1.1256	-1.2113	-1.2947	-1.3753	-1.4524	-1.5257	-1.5950	-1.6608	-1.7235	-1.7836	-1.8418	-1.8984	-1.9540	-2.0092	-2.0641	-2.1187	-2.1727	
-0.0195	-0.0202	-0.0211	-0.0219	-0.0225	-0.0231	-0.0240	-0.0255	-0.0272	-0.0294	-0.0316	-0.0367	-0.0456	-0.0591	-0.0783	-0.1018	-0.1284	-0.1573	-0.1882	-0.2214	-0.2572	-0.2950	-0.3332	-0.3747	-0.4228	-0.4597	-0.5310	-0.6435	-0.6853	-0.7492	-0.8236	-0.9065	-0.9955	-1.0870	-1.1783	-1.2676	-1.3544	-1.4382	-1.5185	-1.5947	-1.6668	-1.7352	-1.8004	-1.8630	-1.9236	-1.9826	-2.0406	-2.0980	-2.1553	-2.2122	-2.2684	
-0.0201	-0.0208	-0.0219	-0.0228	-0.0236	-0.0243	-0.0253	-0.0271	-0.0292	-0.0321	-0.0348	-0.0401	-0.0494	-0.0633	-0.0833	-0.1076	-0.1351	-0.1651	-0.1972	-0.2317	-0.2689	-0.3081	-0.3478	-0.3913	-0.4413	-0.4786	-0.5630	-0.6707	-0.7163	-0.7836	-0.8617	-0.9486	-1.0416	-1.1371	-1.2321	-1.3251	-1.4154	-1.5026	-1.5860	-1.6653	-1.7402	-1.8112	-1.8790	-1.9442	-2.0071	-2.0685	-2.1289	-2.1888	-2.2484	-2.3077	-2.3662	
-0.0207	-0.0215	-0.0227	-0.0238	-0.0247	-0.0254	-0.0266	-0.0288	-0.0311	-0.0347	-0.0379	-0.0435	-0.0533	-0.0676	-0.0883	-0.1134	-0.1419	-0.1730	-0.2063	-0.2421	-0.2808	-0.3216	-0.3628	-0.4083	-0.4600	-0.4979	-0.5964	-0.6987	-0.7481	-0.8188	-0.9006	-0.9916	-1.0887	-1.1882	-1.2871	-1.3838	-1.4777	-1.5683	-1.6550	-1.7372	-1.8150	-1.8888	-1.9593	-2.0270	-2.0924	-2.1563	-2.2191	-2.2814	-2.3435	-2.4051	-2.4661	
-0.0214	-0.0222	-0.0235	-0.0247	-0.0258	-0.0265	-0.0278	-0.0304	-0.0331	-0.0372	-0.0411	-0.0470	-0.0572	-0.0720	-0.0934	-0.1194	-0.1489	-0.1810	-0.2156	-0.2528	-0.2930	-0.3353	-0.3781	-0.4257	-0.4791	-0.5175	-0.6313	-0.7273	-0.7805	-0.8547	-0.9405	-1.0356	-1.1368	-1.2404	-1.3432	-1.4437	-1.5413	-1.6353	-1.7253	-1.8107	-1.8914	-1.9680	-2.0412	-2.1115	-2.1795	-2.2459	-2.3112	-2.3760	-2.4405	-2.5046	-2.5679	
-0.0220	-0.0229	-0.0242	-0.0256	-0.0268	-0.0277	-0.0290	-0.0319	-0.0350	-0.0397	-0.0442	-0.0505	-0.0612	-0.0765	-0.0986	-0.1255	-0.1560	-0.1892	-0.2250	-0.2636	-0.3054	-0.3492	-0.3937	-0.4434	-0.4985	-0.5374	-0.6675	-0.7567	-0.8136	-0.8915	-0.9812	-1.0805	-1.1860	-1.2938	-1.4005	-1.5049	-1.6062	-1.7038	-1.7971	-1.8857	-1.9694	-2.0488	-2.1247	-2.1977	-2.2683	-2.3372	-2.4050	-2.4724	-2.5394	-2.6060	-2.6718	
-0.0226	-0.0236	-0.0250	-0.0266	-0.0279	-0.0288	-0.0302	-0.0335	-0.0368	-0.0421	-0.0474	-0.0541	-0.0652	-0.0811	-0.1039	-0.1317	-0.1632	-0.1976	-0.2347	-0.2747	-0.3180	-0.3635	-0.4096	-0.4614	-0.5183	-0.5577	-0.7042	-0.7867	-0.8475	-0.9290	-1.0227	-1.1263	-1.2362	-1.3482	-1.4590	-1.5673	-1.6724	-1.7736	-1.8704	-1.9621	-2.0489	-2.1312	-2.2099	-2.2856	-2.3588	-2.4303	-2.5008	-2.5707	-2.6403	-2.7094	-2.7777	
-0.0233	-0.0243	-0.0257	-0.0275	-0.0290	-0.0299	-0.0314	-0.0350	-0.0387	-0.0445	-0.0506	-0.0577	-0.0693	-0.0857	-0.1092	-0.1380	-0.1705	-0.2061	-0.2445	-0.2860	-0.3309	-0.3780	-0.4258	-0.4798	-0.5384	-0.5784	-0.7411	-0.8174	-0.8821	-0.9673	-1.0652	-1.1731	-1.2874	-1.4037	-1.5186	-1.6309	-1.7399	-1.8448	-1.9450	-2.0400	-2.1299	-2.2152	-2.2967	-2.3752	-2.4511	-2.5253	-2.5983	-2.6709	-2.7431	-2.8148	-2.8857	
-0.0239	-0.0250	-0.0265	-0.0284	-0.0301	-0.0311	-0.0326	-0.0365	-0.0406	-0.0468	-0.0538	-0.0614	-0.0735	-0.0904	-0.1147	-0.1444	-0.1780	-0.2148	-0.2545	-0.2975	-0.3440	-0.3927	-0.4423	-0.4985	-0.5589	-0.5995	-0.7780	-0.8488	-0.9173	-1.0064	-1.1085	-1.2209	-1.3396	-1.4602	-1.5794	-1.6958	-1.8086	-1.9173	-2.0211	-2.1194	-2.2124	-2.3008	-2.3852	-2.4664	-2.5451	-2.6220	-2.6977	-2.7730	-2.8479	-2.9222	-2.9956	

